1	2693.2
2	2754.0
3	2733.9
4	2699.6
5	2685.5
6	2685.7
7	2671.9
8	2673.2
9	2681.5
10	2705.3
11	2716.2
12	2700.8
13	2700.4
14	2711.8
15	2717.5
16	2737.8
17	2740.1
18	2726.7
19	2723.6
20	2728.1
21	2760.1
22	2762.0
23	2752.0
24	2755.8
25	2760.3
26	2787.7
27	2772.3
28	2783.3
29	2750.8
30	2772.1
31	2766.8
32	2802.3
33	2830.1
34	2857.2
35	2854.4
36	2849.4
37	2849.8
38	2829.7
39	2816.0
40	2821.6
41	2830.3
42	2821.8
43	2782.9
44	2792.4
45	2782.2
46	2787.5
47	2780.6
48	2783.5
49	2779.1
50	2757.9
51	2756.5
52	2735.6
53	2751.5
54	2762.0
55	2756.0
56	2750.4
57	2725.0
58	2719.9
59	2698.5
60	2684.2
61	2689.3
62	2656.7
63	2661.4
64	2701.3
65	2676.5
66	2689.7
67	2721.4
68	2740.9
69	2735.5
70	2719.1
71	2692.4
72	2699.1
73	2693.5
74	2689.4
75	2694.1
76	2681.6
77	2681.4
78	2681.8
79	2691.7
80	2706.6
81	2743.3
82	2788.9
83	2776.6
84	2807.0
85	2810.2
86	2794.4
87	2805.7
88	2799.8
89	2802.4
90	2812.4
91	2810.1
92	2793.3
93	2793.5
94	2784.4
95	2793.1
96	2813.9
97	2809.7
98	2827.3
99	2802.2
100	2777.4
101	2741.2
102	2735.6
103	2702.1
104	2703.3
105	2680.8
106	2664.0
107	2643.8
108	2671.4
109	2667.1
110	2647.5
111	2683.4
112	2643.9
113	2620.1
114	2575.4
115	2591.8
116	2609.7
117	2564.5
118	2553.8
119	2521.5
120	2523.2
121	2556.3
122	2528.5
123	2527.2
124	2496.8
125	2523.2
126	2518.3
127	2520.7
128	2506.2
129	2459.4
130	2427.6
131	2361.8
132	2291.1
133	2325.2
134	2273.5
135	2252.7
136	2246.1
137	2227.2
138	2222.9
139	2279.2
140	2271.3
141	2289.9
142	2289.6
143	2310.4
144	2309.4
145	2305.0
146	2284.6
147	2258.5
148	2209.4
149	2166.8
150	2166.0
151	2194.4
152	2212.5
153	2208.5
154	2204.8
155	2210.1
156	2229.2
157	2196.4
158	2173.8
159	2149.5
160	2171.1
161	2168.5
162	2161.0
163	2179.7
164	2217.3
165	2290.7
166	2293.5
167	2282.4
168	2250.8
169	2226.9
170	2202.4
171	2219.7
172	2292.7
173	2279.3
174	2255.6
175	2249.9
176	2288.9
177	2235.9
178	2193.0
179	2157.9
180	2074.5
181	2100.9
182	2044.9
183	2034.7
184	2032.1
185	1956.6
186	1957.4
187	1873.6
188	1922.1
189	1966.2
190	2037.3
191	2048.5
192	2036.5
193	2021.7
194	2014.2
195	2051.0
196	2067.2
197	2130.1
198	2112.3
199	2133.1
200	2145.6
201	2130.4
202	2115.4
203	2099.6
204	2090.5
205	2110.8
206	2101.7
207	2123.5
208	2130.2
209	2129.4
210	2119.9
211	2127.7
212	2124.9
213	2116.0
214	2144.0
215	2175.4
216	2189.5
217	2232.6
218	2307.0
219	2351.3
220	2322.0
221	2316.4
222	2294.2
223	2320.3
224	2354.7
225	2364.2
226	2342.7
227	2314.4
228	2278.8
229	2309.5
230	2313.4
231	2293.8
232	2308.8
233	2318.5
234	2318.8
235	2357.5
236	2356.2
237	2348.9
238	2334.5
239	2360.0
240	2395.9
241	2414.7
242	2394.0
243	2355.2
244	2352.8
245	2352.6
246	2344.6
247	2354.0
248	2413.9
249	2410.5
250	2414.3
251	2399.2
252	2398.6
253	2410.0
254	2460.6
255	2515.7
256	2532.8
257	2529.3
258	2584.9
259	2582.2
260	2558.5
261	2533.2
262	2568.3
263	2549.1
264	2526.8
265	2529.3
266	2528.4
267	2582.7
268	2612.2
269	2632.1
270	2645.1
271	2647.5
272	2599.7
273	2592.8
274	2636.8
275	2622.6
276	2627.7
277	2590.3
278	2575.4
279	2586.4
280	2581.1
281	2569.7
282	2517.4
283	2518.2
284	2516.3
285	2576.0
286	2623.8
287	2614.8
288	2618.5
289	2614.8
290	2644.3
291	2663.6
292	2664.9
293	2655.3
294	2658.2
295	2623.1
296	2626.2
297	2601.6
298	2593.3
299	2605.9
300	2604.9
301	2568.7
302	2586.6
303	2586.2
304	2599.9
305	2632.4
306	2642.1
307	2661.7
308	2658.5
309	2639.3
310	2614.0
311	2608.3
312	2603.2
313	2595.2
314	2601.4
315	2630.9
316	2638.7
317	2628.3
318	2635.4
319	2681.1
320	2672.1
321	2662.9
322	2700.7
323	2718.3
324	2707.5
325	2682.4
326	2690.6
327	2670.1
328	2686.0
329	2685.2
330	2675.6
331	2665.8
332	2658.8
333	2637.2
334	2621.5
335	2638.1
336	2634.6
337	2761.4
338	2789.7
339	2773.8
340	2814.8
341	2794.3
342	2791.2
343	2801.4
344	2802.2
345	2827.7
346	2834.8
347	2875.8
348	2834.4
349	2814.4
350	2829.1
351	2841.1
352	2847.9
353	2860.5
354	2810.4
355	2778.8
356	2808.4
357	2822.4
358	2828.2
359	2835.9
360	2848.2
361	2857.9
362	2863.5
363	2915.3
364	2900.8
365	2916.9
366	2891.5
367	2880.6
368	2843.2
369	2847.0
370	2835.2
371	2854.6
372	2850.0
373	2837.4
374	2812.6
375	2818.0
376	2818.7
377	2832.8
378	2830.8
379	2826.4
380	2843.4
381	2851.1
382	2843.7
383	2830.5
384	2822.2
385	2840.0
386	2830.5
387	2838.9
388	2855.9
389	2873.0
390	2876.6
391	2901.9
392	2963.2
393	2981.2
394	3019.7
395	2994.0
396	2985.8
397	2981.2
398	2993.8
399	2989.3
400	3002.9
401	3032.4
402	3087.0
403	3112.7
404	3113.9
405	3167.0
406	3206.7
407	3231.2
408	3229.9
409	3219.8
410	3250.9
411	3300.7
412	3331.0
413	3363.4
414	3379.1
415	3360.2
416	3264.4
417	3288.9
418	3269.3
419	3253.1
420	3271.9
421	3262.0
422	3232.1
423	3183.2
424	3137.9
425	3181.5
426	3117.7
427	3120.6
428	3139.2
429	3187.5
430	3170.1
431	3131.0
432	3112.2
433	3101.8
434	3147.4
435	3171.9
436	3171.5
437	3177.3
438	3180.3
439	3167.6
440	3210.4
441	3242.5
442	3237.7
443	3259.7
444	3285.2
445	3291.3
446	3316.9
447	3339.2
448	3356.0
449	3352.4
450	3382.8
451	3407.8
452	3478.1
453	3456.6
454	3436.7
455	3396.6
456	3429.3
457	3449.6
458	3436.8
459	3450.5
460	3428.0
461	3348.2
462	3341.8
463	3364.3
464	3358.2
465	3358.4
466	3354.2
467	3371.7
468	3405.6
469	3445.5
470	3435.7
471	3415.8
472	3356.6
473	3327.1
474	3288.9
475	3320.2
476	3334.8
477	3313.1
478	3280.1
479	3348.5
480	3380.9
481	3417.2
482	3422.1
483	3460.7
484	3457.6
485	3460.1
486	3417.3
487	3417.0
488	3442.8
489	3453.5
490	3518.5
491	3547.6
492	3562.8
493	3616.4
494	3631.5
495	3574.3
496	3512.5
497	3567.6
498	3615.2
499	3654.5
500	3630.3
501	3621.2
502	3636.4
503	3660.6
504	3712.4
505	3680.1
506	3680.8
507	3736.4
508	3729.1
509	3757.0
510	3811.3
511	3794.4
512	3790.5
513	3762.6
514	3811.5
515	3874.6
516	3875.9
517	3915.7
518	3980.5
519	3896.9
520	3947.0
521	3924.6
522	3947.4
523	3868.8
524	3918.4
525	3910.5
526	3888.0
527	3849.3
528	3828.5
529	3842.2
530	3836.2
531	3850.5
532	3808.2
533	3728.5
534	3744.3
535	3777.0
536	3709.9
537	3704.2
538	3739.7
539	3656.8
540	3568.1
541	3625.5
542	3688.6
543	3757.4
544	3726.7
545	3699.3
546	3691.2
547	3665.2
548	3732.4
549	3783.3
550	3743.6
551	3740.0
552	3705.1
553	3666.6
554	3669.9
555	3682.2
556	3624.9
557	3610.1
558	3592.8
559	3552.2
560	3489.1
561	3375.0
562	3483.4
563	3521.1
564	3525.3
565	3556.4
566	3587.4
567	3589.5
568	3545.5
569	3498.6
570	3460.2
571	3361.7
572	3394.4
573	3344.9
574	3364.4
575	3459.7
576	3459.7
577	3497.9
578	3535.0
579	3504.3
580	3520.7
581	3491.5
582	3432.0
583	3363.6
584	3425.8
585	3447.1
586	3397.5
587	3477.0
588	3481.7
589	3547.5
590	3569.9
591	3622.6
592	3626.2
593	3646.0
594	3626.3
595	3663.9
596	3649.6
597	3631.5
598	3556.6
599	3578.1
600	3560.9
601	3561.9
602	3512.6
603	3439.7
604	3476.3
605	3507.4
606	3509.4
607	3466.0
608	3484.2
609	3465.9
610	3495.7
611	3440.0
612	3455.3
613	3399.6
614	3329.8
615	3296.2
616	3237.9
617	3166.5
618	3215.3
619	3264.1
620	3189.0
621	3174.3
622	3228.9
623	3238.8
624	3200.7
625	3182.4
626	3203.2
627	3136.6
628	3093.9
629	3093.8
630	3118.6
631	3147.7
632	3183.6
633	3217.4
634	3235.7
635	3234.0
636	3263.9
637	3273.2
638	3253.6
639	3254.8
640	3288.4
641	3304.8
642	3354.0
643	3336.3
644	3313.9
645	3364.2
646	3427.9
647	3445.9
648	3434.4
649	3433.0
650	3454.3
651	3469.2
652	3438.4
653	3440.2
654	3408.2
655	3342.9
656	3320.1
657	3301.3
658	3273.1
659	3260.4
660	3228.9
661	3246.8
662	3267.9
663	3290.2
664	3322.9
665	3366.7
666	3352.2
667	3337.0
668	3276.8
669	3239.7
670	3189.5
671	3135.2
672	3176.5
673	3262.5
674	3232.7
675	3184.7
676	3227.1
677	3208.5
678	3259.1
679	3218.6
680	3210.1
681	3166.1
682	3142.7
683	3140.9
684	3193.7
685	3175.6
686	3175.7
687	3234.9
688	3192.3
689	3176.6
690	3149.1
691	3165.3
692	3100.1
693	3105.3
694	3122.9
695	3159.3
696	3173.4
697	3267.8
698	3247.0
699	3242.8
700	3189.4
701	3188.2
702	3184.2
703	3149.2
704	3155.0
705	3108.0
706	3101.4
707	3131.1
708	3186.6
709	3194.5
710	3155.7
711	3185.5
712	3202.9
713	3172.7
714	3166.1
715	3207.2
716	3232.3
717	3229.3
718	3259.5
719	3306.2
720	3278.2
721	3272.5
722	3286.7
723	3308.8
724	3286.3
725	3253.5
726	3276.0
727	3296.2
728	3298.4
729	3262.5
730	3287.1
731	3272.7
732	3290.6
733	3323.3
734	3318.9
735	3293.9
736	3271.9
737	3266.7
738	3261.8
739	3238.1
740	3250.5
741	3230.3
742	3193.5
743	3173.5
744	3168.7
745	3189.3
746	3088.1
747	3075.1
748	3036.1
749	3087.7
750	3092.2
751	3110.4
752	3107.2
753	3047.0
754	3003.6
755	2987.8
756	2957.7
757	2963.1
758	3004.7
759	3041.7
760	3036.4
761	3041.2
762	3053.1
763	3023.3
764	2962.9
765	2987.9
766	3008.1
767	3043.3
768	3048.7
769	3038.2
770	3040.1
771	3072.0
772	3082.5
773	3131.9
774	3153.9
775	3142.1
776	3124.9
777	3144.8
778	3152.0
779	3123.5
780	3150.7
781	3141.7
782	3107.9
783	3089.9
784	3055.8
785	3059.0
786	3045.6
787	3072.6
788	3051.5
789	3012.1
790	3024.5
791	3037.6
792	3091.9
793	3056.3
794	3054.4
795	2976.1
796	2914.9
797	2871.1
798	2893.7
799	2885.4
800	2921.5
801	2886.4
802	2917.5
803	2889.2
804	2901.1
805	2896.9
806	2888.4
807	2865.1
808	2885.4
809	2911.6
810	2898.1
811	2883.6
812	2946.5
813	2931.7
814	2933.3
815	2985.5
816	3009.4
817	2989.8
818	3007.6
819	3016.7
820	3006.0
821	3011.2
822	3035.3
823	3011.4
824	2992.4
825	2987.8
826	3005.3
827	3008.7
828	3013.2
829	3027.8
830	3075.8
831	3091.9
832	3110.7
833	3161.2
834	3193.2
835	3191.3
836	3252.0
837	3271.9
838	3290.3
839	3282.5
840	3240.9
841	3241.8
842	3233.9
843	3230.2
844	3225.4
845	3212.2
846	3267.9
847	3297.3
848	3316.2
849	3253.8
850	3230.8
851	3210.2
852	3226.0
853	3226.5
854	3253.2
855	3260.4
856	3269.1
857	3261.5
858	3250.0
859	3264.6
860	3242.8
861	3214.2
862	3235.3
863	3237.5
864	3230.8
865	3223.5
866	3235.7
867	3223.5
868	3217.5
869	3236.7
870	3260.1
871	3261.5
872	3260.0
873	3234.3
874	3223.5
875	3219.1
876	3219.6
877	3240.4
878	3245.6
879	3232.5
880	3317.0
881	3343.4
882	3376.3
883	3368.0
884	3344.9
885	3330.1
886	3355.7
887	3321.3
888	3312.8
889	3279.7
890	3292.1
891	3331.0
892	3349.4
893	3363.3
894	3378.0
895	3359.2
896	3373.4
897	3389.7
898	3461.4
899	3453.7
900	3474.3
901	3482.9
902	3471.0
903	3459.2
904	3481.3
905	3510.9
906	3497.8
907	3526.9
908	3511.2
909	3513.7
910	3514.4
911	3494.0
912	3492.9
913	3513.8
914	3516.8
915	3494.3
916	3474.4
917	3472.4
918	3432.8
919	3454.0
920	3456.0
921	3455.5
922	3480.0
923	3472.4
924	3489.8
925	3513.5
926	3526.4
927	3541.7
928	3537.9
929	3521.4
930	3496.3
931	3513.8
932	3507.1
933	3496.3
934	3423.4
935	3382.8
936	3401.8
937	3361.1
938	3343.4
939	3376.8
940	3361.4
941	3338.3
942	3340.6
943	3319.8
944	3275.8
945	3227.9
946	3244.8
947	3271.6
948	3334.9
949	3318.3
950	3306.5
951	3328.0
952	3313.1
953	3264.0
954	3189.2
955	3201.0
956	3256.0
957	3231.5
958	3214.8
959	3252.2
960	3277.3
961	3287.4
962	3278.0
963	3269.7
964	3305.8
965	3316.6
966	3316.8
967	3298.8
968	3305.7
969	3325.6
970	3319.7
971	3364.4
972	3349.2
973	3384.3
974	3395.8
975	3454.8
976	3466.7
977	3510.3
978	3514.4
979	3491.5
980	3504.6
981	3510.1
982	3543.5
983	3530.9
984	3538.8
985	3528.4
986	3545.4
987	3546.5
988	3533.0
989	3554.3
990	3577.1
991	3566.4
992	3529.0
993	3601.5
994	3623.7
995	3633.8
996	3633.8
997	3537.4
998	3599.2
999	3630.8
1000	3685.4
1001	3717.7
1002	3718.2
1003	3693.5
1004	3696.6
1005	3689.7
1006	3655.7
1007	3651.3
1008	3679.3
1009	3680.1
1010	3703.6
1011	3718.3
1012	3735.4
1013	3742.1
1014	3733.5
1015	3710.8
1016	3735.8
1017	3753.0
1018	3720.7
1019	3678.6
1020	3707.1
1021	3734.5
1022	3750.9
1023	3727.4
1024	3680.8
1025	3694.6
1026	3697.9
1027	3660.4
1028	3685.4
1029	3691.5
1030	3732.0
1031	3729.4
1032	3786.1
1033	3790.1
1034	3782.0
1035	3780.2
1036	3837.4
1037	3863.6
1038	3862.1
1039	3847.5
1040	3858.2
1041	3909.9
1042	3915.5
1043	3918.2
1044	3713.8
1045	3652.8
1046	3720.8
1047	3755.2
1048	3762.3
1049	3703.5
1050	3694.3
1051	3688.7
1052	3700.6
1053	3685.8
1054	3717.7
1055	3747.0
1056	3782.7
1057	3810.1
1058	3791.5
1059	3842.4
1060	3823.7
1061	3839.4
1062	3830.2
1063	3857.1
1064	3862.7
1065	3879.9
1066	3894.8
1067	3850.6
1068	3886.2
1069	3911.0
1070	3888.7
1071	3918.1
1072	3949.6
1073	3954.2
1074	3964.2
1075	3984.6
1076	4038.5
1077	4070.3
1078	4058.5
1079	4070.6
1080	4096.0
1081	4124.3
1082	4112.2
1083	4082.9
1084	4060.4
1085	4060.8
1086	4062.9
1087	4036.5
1088	4004.1
1089	4015.1
1090	4057.9
1091	4062.9
1092	4069.0
1093	4077.4
1094	4067.6
1095	4109.7
1096	4143.5
1097	4155.2
1098	4128.1
1099	4137.6
1100	4137.5
1101	4150.7
1102	4166.9
1103	4155.3
1104	4126.0
1105	4111.7
1106	4088.7
1107	4116.5
1108	4125.2
1109	4168.4
1110	4136.5
1111	4173.2
1112	4224.4
1113	4255.6
1114	4242.0
1115	4237.1
1116	4224.0
1117	4240.1
1118	4228.2
1119	4211.5
1120	4241.5
1121	4264.4
1122	4269.4
1123	4258.0
1124	4233.1
1125	4264.1
1126	4278.3
1127	4255.9
1128	4228.7
1129	4249.7
1130	4192.7
1131	4193.0
1132	4210.0
1133	4177.4
1134	4151.2
1135	4114.7
1136	4056.8
1137	3985.5
1138	4001.9
1139	4037.1
1140	4055.1
1141	3995.5
1142	4029.9
1143	3976.5
1144	4010.8
1145	3964.3
1146	3935.7
1147	3932.4
1148	3979.4
1149	4040.0
1150	4120.2
1151	4130.2
1152	4101.0
1153	4072.4
1154	4070.1
1155	4030.5
1156	4018.9
1157	4030.6
1158	4025.7
1159	4052.0
1160	4012.3
1161	4022.2
1162	3997.8
1163	4060.2
1164	4070.0
1165	4041.0
1166	4075.5
1167	4084.5
1168	4046.2
1169	4025.5
1170	4033.6
1171	4004.0
1172	3966.2
1173	3953.3
1174	3963.1
1175	3987.9
1176	4003.7
1177	4001.3
1178	4030.4
1179	4079.3
1180	4101.6
1181	4083.6
1182	4069.8
1183	4082.2
1184	4093.6
1185	4098.0
1186	4135.7
1187	4177.8
1188	4213.9
1189	4195.1
1190	4215.6
1191	4239.7
1192	4262.4
1193	4243.9
1194	4266.3
1195	4271.3
1196	4277.1
1197	4257.8
1198	4247.5
1199	4243.1
1200	4266.1
1201	4328.4
1202	4295.5
1203	4322.3
1204	4377.4
1205	4402.6
1206	4403.4
1207	4384.8
1208	4406.7
1209	4396.9
1210	4383.6
1211	4352.2
1212	4308.8
1213	4306.7
1214	4316.6
1215	4373.9
1216	4427.3
1217	4433.7
1218	4428.1
1219	4421.4
1220	4459.5
1221	4469.9
1222	4492.9
1223	4489.9
1224	4483.7
1225	4506.9
1226	4512.9
1227	4511.6
1228	4544.3
1229	4584.8
1230	4597.2
1231	4566.5
1232	4616.7
1233	4667.8
1234	4683.5
1235	4757.2
1236	4724.5
1237	4714.0
1238	4704.1
1239	4753.2
1240	4677.8
1241	4663.9
1242	4651.0
1243	4750.4
1244	4733.3
1245	4815.6
1246	4908.9
1247	4966.8
1248	4996.5
1249	5101.8
1250	5107.0
1251	5145.0
1252	5154.8
1253	5018.6
1254	5141.1
1255	5161.6
1256	5221.5
1257	5231.4
1258	5258.7
1259	5351.7
1260	5350.2
1261	5327.3
1262	5384.8
1263	5470.2
1264	5490.4
1265	5516.4
1266	5463.1
1267	5450.7
1268	5324.7
1269	5253.9
1270	5353.8
1271	5280.0
1272	5256.7
1273	5327.4
1274	5294.1
1275	5297.6
1276	5379.0
1277	5415.5
1278	5449.8
1279	5447.3
1280	5419.2
1281	5435.4
1282	5458.2
1283	5499.3
1284	5509.1
1285	5505.2
1286	5481.4
1287	5434.8
1288	5377.9
1289	5296.5
1290	5333.9
1291	5311.4
1292	5357.5
1293	5305.4
1294	5274.0
1295	5336.7
1296	5319.1
1297	5402.7
1298	5503.1
1299	5620.7
1300	5603.1
1301	5537.6
1302	5566.7
1303	5568.1
1304	5458.6
1305	5414.8
1306	5432.1
1307	5355.5
1308	5357.7
1309	5349.3
1310	5438.8
1311	5520.7
1312	5424.3
1313	5326.5
1314	5310.4
1315	5279.9
1316	5336.1
1317	5461.1
1318	5482.8
1319	5527.2
1320	5488.3
1321	5441.4
1322	5452.6
1323	5585.9
1324	5588.0
1325	5629.3
1326	5628.1
1327	5670.9
1328	5730.0
1329	5802.3
1330	5772.7
1331	5732.6
1332	5757.3
1333	5838.2
1334	5909.3
1335	5918.1
1336	6059.9
1337	6043.2
1338	6042.6
1339	6064.9
1340	6128.1
1341	6283.7
1342	6324.2
1343	6304.4
1344	6309.8
1345	6253.9
1346	6228.7
1347	6299.9
1348	6449.0
1349	6402.2
1350	6432.3
1351	6582.2
1352	6675.5
1353	6522.3
1354	6416.5
1355	6300.8
1356	6298.1
1357	6404.8
1358	6411.4
1359	6514.4
1360	6616.2
1361	6511.5
1362	6514.5
1363	6565.7
1364	6673.1
1365	6685.3
1366	6627.2
1367	6543.8
1368	6619.7
1369	6674.8
1370	6761.9
1371	6802.0
1372	6797.1
1373	6913.2
1374	6934.5
1375	6939.4
1376	6884.6
1377	6969.9
1378	7095.0
1379	7174.4
1380	7174.3
1381	7204.5
1382	7139.1
1383	7164.7
1384	7095.2
1385	7112.5
1386	7169.4
1387	7064.1
1388	7136.1
1389	7034.8
1390	6846.2
1391	6768.3
1392	6963.2
1393	6958.9
1394	6756.1
1395	6830.8
1396	6817.7
1397	6697.1
1398	6868.3
1399	6810.9
1400	6730.5
1401	6625.9
1402	6664.4
1403	6835.1
1404	6864.1
1405	6783.1
1406	6782.2
1407	6817.9
1408	6723.4
1409	6708.5
1410	6552.2
1411	6674.1
1412	6779.3
1413	6716.2
1414	6630.4
1415	6674.4
1416	6601.0
1417	6579.0
1418	6556.7
1419	6532.3
1420	6599.1
1421	6702.4
1422	6692.3
1423	6694.4
1424	6759.5
1425	6796.1
1426	6797.3
1427	6745.7
1428	6695.0
1429	6671.5
1430	6778.6
1431	6879.9
1432	6884.3
1433	6965.5
1434	6975.6
1435	7117.0
1436	7102.9
1437	7198.7
1438	7125.4
1439	7205.9
1440	7219.5
1441	7269.7
1442	7331.9
1443	7250.8
1444	7239.1
1445	7089.7
1446	7120.9
1447	6986.4
1448	6772.1
1449	6826.2
1450	6863.1
1451	6830.6
1452	6754.9
1453	6766.1
1454	6664.2
1455	6678.8
1456	6854.2
1457	6826.7
1458	6657.0
1459	6604.8
1460	6313.9
1461	6049.9
1462	6392.0
1463	6463.4
1464	6380.4
1465	6445.3
1466	6451.0
1467	6515.1
1468	6481.3
1469	6317.5
1470	6278.0
1471	6221.0
1472	6151.1
1473	6239.3
1474	6299.3
1475	6512.5
1476	6537.1
1477	6557.8
1478	6766.4
1479	6825.7
1480	6670.3
1481	6741.3
1482	6856.4
1483	6919.6
1484	6932.1
1485	7136.0
1486	7136.6
1487	7092.5
1488	7188.0
1489	7197.0
1490	7261.0
1491	7158.5
1492	7003.2
1493	7059.7
1494	7123.6
1495	7250.9
1496	7243.4
1497	7224.3
1498	7045.7
1499	7062.6
1500	7070.2
1501	7049.8
1502	7277.4
1503	7335.1
1504	7255.4
1505	7451.4
1506	7591.8
1507	7549.0
1508	7482.2
1509	7455.3
1510	7390.5
1511	7492.2
1512	7550.6
1513	7578.3
1514	7723.9
1515	7732.4
1516	7807.1
1517	7812.1
1518	7839.3
1519	7749.1
1520	7854.0
1521	7924.6
1522	7953.6
1523	7940.4
1524	7959.0
1525	8096.7
1526	8104.2
1527	8166.5
1528	8109.9
1529	8182.5
1530	8048.5
1531	8084.9
1532	8155.7
1533	8062.6
1534	8113.4
1535	8144.8
1536	8283.7
1537	8324.7
1538	8358.0
1539	8516.8
1540	8511.3
1541	8641.4
1542	8818.5
1543	8783.2
1544	8900.1
1545	9112.6
1546	9132.1
1547	8929.9
1548	8958.3
1549	9227.3
1550	9269.5
1551	9261.8
1552	9262.1
1553	9348.0
1554	9450.5
1555	9448.9
1556	9521.3
1557	9503.1
1558	9797.2
1559	9940.7
1560	10093.9
1561	10303.1
1562	10171.0
1563	10243.0
1564	10225.8
1565	10209.2
1566	10352.4
1567	10414.9
1568	10572.4
1569	10814.2
1570	10690.1
1571	10534.8
1572	10509.6
1573	10339.6
1574	10323.7
1575	10410.2
1576	10482.7
1577	10429.5
1578	10291.8
1579	9966.7
1580	9888.3
1581	9549.7
1582	9904.1
1583	9678.0
1584	10025.7
1585	10259.8
1586	10001.6
1587	9963.1
1588	9741.2
1589	9762.4
1590	9993.7
1591	9839.3
1592	9768.3
1593	9855.0
1594	9837.0
1595	9795.3
1596	9959.2
1597	10100.4
1598	10089.1
1599	10153.7
1600	10391.6
1601	10378.0
1602	9993.0
1603	10059.9
1604	10005.7
1605	10079.5
1606	10116.3
1607	10098.9
1608	10265.6
1609	10280.4
1610	10051.6
1611	10120.9
1612	9953.8
1613	9748.2
1614	9593.3
1615	9684.9
1616	9900.9
1617	9761.1
1618	9765.7
1619	9722.4
1620	9873.5
1621	9901.7
1622	10136.1
1623	10109.5
1624	10242.7
1625	10146.4
1626	10342.3
1627	10394.3
1628	10542.9
1629	10642.0
1630	10642.8
1631	10719.9
1632	10635.3
1633	10636.7
1634	10729.1
1635	10791.7
1636	10704.0
1637	10765.8
1638	10952.5
1639	10893.2
1640	10758.4
1641	10560.8
1642	10614.9
1643	10559.2
1644	10360.7
1645	10340.1
1646	10410.3
1647	10568.8
1648	10493.7
1649	10411.0
1650	10495.3
1651	10289.3
1652	10115.2
1653	10218.0
1654	10039.8
1655	9708.7
1656	9887.3
1657	9847.7
1658	9919.5
1659	9910.7
1660	10112.9
1661	10205.3
1662	9998.2
1663	9417.2
1664	9262.8
1665	9453.3
1666	9113.2
1667	8580.1
1668	8383.0
1669	8264.7
1670	8239.2
1671	8548.7
1672	8380.4
1673	8337.3
1674	8453.0
1675	8710.1
1676	8504.9
1677	7904.0
1678	7708.0
1679	7900.0
1680	7833.1
1681	8034.2
1682	7671.1
1683	7628.7
1684	7211.4
1685	7517.5
1686	8008.2
1687	7884.7
1688	7969.3
1689	8062.3
1690	8066.1
1691	7676.5
1692	7133.3
1693	7156.9
1694	7145.8
1695	7566.9
1696	7405.3
1697	7195.2
1698	7381.2
1699	7715.9
1700	7956.1
1701	8060.3
1702	8455.3
1703	8472.6
1704	8654.4
1705	8493.5
1706	8254.2
1707	8410.2
1708	8467.7
1709	8716.8
1710	8534.4
1711	8541.1
1712	8800.0
1713	9015.5
1714	8943.1
1715	9131.2
1716	9109.1
1717	9204.1
1718	9094.9
1719	8934.3
1720	8940.7
1721	8992.5
1722	8842.1
1723	9056.8
1724	8984.3
1725	8972.4
1726	9240.6
1727	9431.9
1728	9441.9
1729	9479.2
1730	9515.0
1731	9759.0
1732	9877.3
1733	9645.5
1734	9339.8
1735	9230.5
1736	9329.7
1737	9382.0
1738	9454.2
1739	9596.4
1740	9468.1
1741	9236.2
1742	9260.5
1743	9271.8
1744	9362.2
1745	9322.6
1746	9351.9
1747	9602.7
1748	9679.9
1749	9866.8
1750	9953.6
1751	9940.7
1752	9836.6
1753	10447.8
1754	10650.7
1755	10443.4
1756	10412.3
1757	10248.6
1758	10010.5
1759	9321.7
1760	9304.2
1761	9596.3
1762	10071.5
1763	9971.7
1764	10090.1
1765	9920.8
1766	9612.0
1767	9665.6
1768	9589.6
1769	9609.5
1770	9832.2
1771	9878.8
1772	9998.2
1773	9943.6
1774	9944.2
1775	9855.4
1776	9809.3
1777	9648.8
1778	9500.0
1779	9656.7
1780	9690.5
1781	9739.4
1782	9901.1
1783	9799.3
1784	9797.9
1785	9758.7
1786	9840.9
1787	9945.2
1788	10133.8
1789	10224.6
1790	10052.1
1791	9997.3
1792	9838.9
1793	9823.0
1794	9707.6
1795	9834.3
1796	10005.0
1797	9861.4
1798	9915.3
1799	9940.1
1800	10191.6
1801	10094.7
1802	10121.0
1803	10213.9
1804	10119.1
1805	10039.7
1806	10073.7
1807	9955.1
1808	9728.4
1809	9720.7
1810	9868.3
1811	9659.1
1812	9748.1
1813	9677.0
1814	9740.7
1815	10011.3
1816	10027.7
1817	10100.6
1818	10101.9
1819	10039.2
1820	10120.8
1821	10080.4
1822	10000.0
1823	9777.3
1824	9851.7
1825	9662.0
1826	9771.1
1827	9794.8
1828	9901.6
1829	9907.2
1830	10069.9
1831	10010.4
1832	10007.6
1833	9975.4
1834	10090.8
1835	10019.2
1836	10012.1
1837	10073.0
1838	10155.0
1839	10172.7
1840	10167.1
1841	10184.7
1842	10275.0
1843	10167.2
1844	9966.1
1845	9984.8
1846	10174.4
1847	10151.2
1848	10213.7
1849	10170.4
1850	10141.0
1851	10097.7
1852	9990.9
1853	10030.6
1854	10072.3
1855	10056.9
1856	10068.8
1857	10221.5
1858	10244.7
1859	10280.2
1860	10221.8
1861	10242.8
1862	10096.2
1863	10195.3
1864	10100.0
1865	10179.7
1866	10190.8
1867	10195.0
1868	10337.5
1869	10382.7
1870	10387.7
1871	10380.7
1872	10333.6
1873	10290.3
1874	10291.1
1875	10299.6
1876	10218.6
1877	10370.5
1878	10402.3
1879	10555.6
1880	10474.4
1881	10402.8
1882	10311.3
1883	10333.2
1884	10311.9
1885	10119.0
1886	10009.3
1887	10134.6
1888	10119.2
1889	10190.9
1890	10057.9
1891	9999.8
1892	9896.1
1893	9771.6
1894	9684.9
1895	9583.4
1896	9571.5
1897	9292.6
1898	9391.9
1899	9400.1
1900	9434.2
1901	9436.2
1902	9194.5
1903	9140.7
1904	9335.7
1905	9230.2
1906	9360.4
1907	9407.9
1908	9561.7
1909	9474.5
1910	9613.5
1911	9570.9
1912	9569.3
1913	9738.3
1914	9730.0
1915	9861.7
1916	9941.4
1917	9931.9
1918	10058.4
1919	10006.2
1920	9806.1
1921	9903.6
1922	9694.0
1923	9943.1
1924	9975.4
1925	9871.2
1926	9891.6
1927	10028.0
1928	10026.6
1929	9919.0
1930	9779.2
1931	9728.6
1932	9645.7
1933	9728.2
1934	9722.8
1935	9621.8
1936	9655.0
1937	9720.4
1938	9617.7
1939	9707.8
1940	9639.9
1941	9552.5
1942	9525.4
1943	9482.8
1944	9601.0
1945	9656.3
1946	9624.7
1947	9721.0
1948	9770.9
1949	9808.2
1950	9592.5
1951	9548.9
1952	9376.7
1953	9290.8
1954	9413.4
1955	9405.6
1956	9270.2
1957	9389.4
1958	9304.8
1959	9443.3
1960	9419.2
1961	9610.3
1962	9741.5
1963	9847.9
1964	9936.9
1965	10113.4
1966	10231.3
1967	10336.8
1968	10260.1
1969	10354.3
1970	10497.1
1971	10469.9
1972	10555.9
1973	10619.7
1974	10639.7
1975	10725.9
1976	10793.0
1977	10613.6
1978	10685.1
1979	10720.2
1980	10945.2
1981	10971.3
1982	10892.5
1983	10958.1
1984	11084.3
1985	11166.6
1986	11310.0
1987	11549.6
1988	11560.1
1989	11434.5
1990	11465.8
1991	11480.1
1992	11372.5
1993	11427.1
1994	11613.1
1995	11673.1
1996	11572.8
1997	11585.5
1998	11686.6
1999	11615.7
2000	11517.6
2001	11581.4
2002	11641.4
2003	11610.0
2004	11206.6
2005	10863.1
2006	11102.4
2007	11173.3
2008	11012.4
2009	10851.8
2010	10931.9
2011	11184.0
2012	11285.6
2013	11066.3
2014	11120.7
2015	11047.6
2016	10969.3
2017	10955.0
2018	10863.5
2019	11031.4
2020	11206.6
2021	11009.3
2022	10835.1
2023	10970.0
2024	11195.6
2025	11544.1
2026	11580.1
2027	11506.8
2028	11834.8
2029	11939.5
2030	12020.6
2031	12432.6
2032	12458.6
2033	12165.1
2034	12235.1
2035	12326.7
2036	12368.0
2037	12260.3
2038	12076.9
2039	12312.3
2040	12352.3
2041	12690.9
2042	12467.0
2043	12585.8
2044	12538.7
2045	12709.6
2046	12745.0
2047	12816.8
2048	12667.2
2049	12668.3
2050	12563.2
2051	12513.7
2052	12359.7
2053	12555.8
2054	12279.5
2055	12260.9
2056	12369.8
2057	12362.4
2058	12308.3
2059	12172.2
2060	12073.3
2061	12213.8
2062	12162.0
2063	12211.1
2064	12088.6
2065	11833.4
2066	11935.0
2067	11686.4
2068	11584.2
2069	11374.6
2070	11607.9
2071	11790.6
2072	11768.7
2073	11515.3
2074	11542.1
2075	11647.2
2076	11363.9
2077	11217.3
2078	11261.5
2079	11339.8
2080	11502.0
2081	11425.5
2082	11481.5
2083	11273.0
2084	11467.9
2085	11867.2
2086	11667.9
2087	11597.5
2088	11560.9
2089	11304.0
2090	11071.7
2091	10832.3
2092	11036.3
2093	11102.6
2094	11009.3
2095	11220.7
2096	10905.3
2097	10889.6
2098	10544.9
2099	10326.3
2100	10380.1
2101	10342.4
2102	10560.6
2103	10437.1
2104	10558.9
2105	10648.5
2106	10688.5
2107	10875.5
2108	11141.5
2109	11004.2
2110	10782.5
2111	10688.9
2112	10799.6
2113	10873.2
2114	10791.3
2115	10806.0
2116	10880.7
2117	10876.0
2118	10723.8
2119	10595.6
2120	10563.4
2121	10351.4
2122	10490.5
2123	10533.1
2124	10488.9
2125	10528.2
2126	10583.2
2127	10366.4
2128	10581.3
2129	10676.7
2130	10848.9
2131	10757.6
2132	10739.6
2133	10896.7
2134	10828.9
2135	10874.8
2136	10878.7
2137	10848.2
2138	11002.6
2139	10949.2
2140	10791.5
2141	10850.7
2142	10986.1
2143	10879.6
2144	10831.5
2145	10714.6
2146	10743.8
2147	10726.0
2148	10560.0
2149	10531.6
2150	10549.0
2151	10644.5
2152	10453.0
2153	10583.4
2154	10707.7
2155	10867.6
2156	10951.9
2157	11110.6
2158	11094.6
2159	11210.6
2160	11207.9
2161	11342.7
2162	11155.5
2163	11065.5
2164	11093.5
2165	10934.6
2166	10798.1
2167	10720.1
2168	10818.3
2169	10907.5
2170	10840.6
2171	10869.6
2172	10884.7
2173	11170.1
2174	11246.3
2175	11188.2
2176	11238.5
2177	11282.5
2178	11103.3
2179	11229.8
2180	11311.8
2181	11212.5
2182	11451.6
2183	11463.1
2184	11188.1
2185	11065.5
2186	10901.3
2187	10803.4
2188	11029.4
2189	11159.1
2190	10956.0
2191	10957.6
2192	11023.1
2193	10950.0
2194	11152.5
2195	11271.2
2196	11159.3
2197	11237.3
2198	11150.0
2199	10838.8
2200	10950.7
2201	10618.7
2202	10385.4
2203	10455.2
2204	10375.4
2205	10056.1
2206	10367.3
2207	10443.6
2208	10329.9
2209	10666.9
2210	10517.4
2211	10324.7
2212	10395.7
2213	10307.3
2214	10363.1
2215	10507.0
2216	10542.7
2217	10610.5
2218	10573.6
2219	10488.4
2220	10273.5
2221	9986.0
2222	9897.3
2223	10274.8
2224	10294.1
2225	10135.3
2226	9845.9
2227	9548.7
2228	9594.0
2229	9252.5
2230	9334.8
2231	9642.3
2232	9541.9
2233	9358.0
2234	9477.3
2235	9214.5
2236	9339.4
2237	9069.1
2238	9461.1
2239	9497.3
2240	9788.1
2241	9753.5
2242	9716.9
2243	9518.3
2244	9155.7
2245	9052.8
2246	9255.5
2247	8864.3
2248	8964.2
2249	9039.0
2250	9078.5
2251	9075.6
2252	9109.8
2253	9080.2
2254	9200.9
2255	9597.2
2256	9601.4
2257	9623.6
2258	9581.8
2259	9585.8
2260	9699.8
2261	9890.2
2262	9892.0
2263	9722.4
2264	10020.1
2265	10070.8
2266	9955.5
2267	10019.2
2268	10100.4
2269	10116.2
2270	10132.0
2271	10090.1
2272	9949.9
2273	10036.2
2274	10116.0
2275	10123.0
2276	9848.5
2277	9846.7
2278	9934.8
2279	9880.7
2280	10020.8
2281	9936.3
2282	10096.5
2283	10054.2
2284	9759.7
2285	9865.3
2286	9789.5
2287	9861.3
2288	9680.5
2289	9592.1
2290	9418.8
2291	9344.8
2292	9476.4
2293	9554.1
2294	9551.4
2295	9486.1
2296	9570.9
2297	9688.1
2298	9892.1
2299	9923.3
2300	9798.2
2301	9726.6
2302	9494.8
2303	9510.9
2304	9393.0
2305	9476.3
2306	9290.0
2307	9251.3
2308	9216.7
2309	8899.8
2310	8531.8
2311	8810.5
2312	9063.4
2313	9263.3
2314	9163.4
2315	9222.8
2316	9308.3
2317	9324.3
2318	9011.8
2319	9172.4
2320	9340.2
2321	9328.4
2322	9453.5
2323	9601.8
2324	9613.9
2325	9648.8
2326	9526.5
2327	9797.8
2328	9798.0
2329	9547.5
2330	9269.4
2331	9418.9
2332	9350.4
2333	9523.9
2334	9634.6
2335	9761.0
2336	9633.5
2337	9497.2
2338	9542.7
2339	9589.2
2340	9658.0
2341	9654.3
2342	9781.5
2343	9684.5
2344	9602.2
2345	9667.6
2346	9588.1
2347	9661.5
2348	9728.4
2349	9678.2
2350	9626.9
2351	9632.6
2352	9616.2
2353	9468.4
2354	9545.6
2355	9487.2
2356	9439.9
2357	9500.7
2358	9399.4
2359	9561.5
2360	9601.8
2361	9530.7
2362	9516.8
2363	9607.3
2364	9606.8
2365	9444.0
2366	9522.5
2367	9476.6
2368	9363.3
2369	9018.7
2370	9047.9
2371	9021.5
2372	8920.9
2373	8925.2
2374	8964.3
2375	8792.7
2376	8787.6
2377	8855.9
2378	8878.4
2379	9073.3
2380	9015.9
2381	8885.0
2382	8787.6
2383	8501.9
2384	8526.2
2385	8465.1
2386	8266.1
2387	8166.7
2388	8303.9
2389	8296.1
2390	8372.7
2391	8210.1
2392	8354.2
2393	8304.1
2394	8378.9
2395	8373.8
2396	8153.5
2397	8231.0
2398	8217.0
2399	8417.9
2400	8480.0
2401	8557.3
2402	8608.7
2403	8564.7
2404	8636.2
2405	8567.7
2406	8439.2
2407	8292.0
2408	8203.0
2409	8337.7
2410	8450.0
2411	8322.9
2412	8200.1
2413	8190.3
2414	8196.0
2415	8305.6
2416	8401.3
2417	8540.6
2418	8515.6
2419	8372.9
2420	8425.3
2421	8232.1
2422	8321.1
2423	8153.0
2424	8291.2
2425	8117.3
2426	7904.7
2427	7727.2
2428	7678.7
2429	7328.4
2430	7336.7
2431	7338.7
2432	6911.8
2433	7094.8
2434	7043.8
2435	6933.6
2436	6725.3
2437	6498.4
2438	6885.7
2439	7000.5
2440	7050.9
2441	7197.9
2442	7314.0
2443	7193.1
2444	7309.9
2445	7245.0
2446	7466.3
2447	7169.3
2448	7200.0
2449	7278.4
2450	7529.6
2451	7553.1
2452	7511.9
2453	7643.7
2454	7918.6
2455	7802.3
2456	7590.7
2457	7780.4
2458	7963.1
2459	8096.7
2460	7879.3
2461	7958.3
2462	7792.7
2463	7562.5
2464	7774.3
2465	7754.8
2466	7677.5
2467	7926.0
2468	8017.8
2469	8118.4
2470	8363.3
2471	8222.0
2472	8059.8
2473	8383.1
2474	8463.6
2475	8500.3
2476	8536.6
2477	8691.1
2478	8540.6
2479	8425.4
2480	8506.1
2481	8531.7
2482	8563.1
2483	8439.3
2484	8348.3
2485	8272.9
2486	8364.7
2487	8302.9
2488	8514.6
2489	8825.5
2490	8703.2
2491	8559.9
2492	8636.7
2493	8532.5
2494	8319.5
2495	8281.6
2496	8543.1
2497	8474.1
2498	8327.0
2499	8232.8
2500	8284.9
2501	8434.9
2502	8397.6
2503	8377.1
2504	8554.7
2505	8463.1
2506	8177.3
2507	8186.6
2508	8066.1
2509	7935.4
2510	7983.1
2511	7800.3
2512	7948.7
2513	7804.1
2514	7977.5
2515	8008.8
2516	7902.5
2517	8033.1
2518	8078.3
2519	8213.3
2520	8185.0
2521	8273.1
2522	8178.4
2523	8019.7
2524	8050.4
2525	8171.1
2526	8014.3
2527	7852.7
2528	7708.1
2529	7872.4
2530	7829.8
2531	7819.7
2532	7787.8
2533	7867.2
2534	8021.4
2535	7920.4
2536	7832.4
2537	7708.6
2538	7716.4
2539	7736.5
2540	7662.4
2541	7775.1
2542	7847.0
2543	8101.4
2544	8135.5
2545	8230.7
2546	8385.0
2547	8307.2
2548	8320.5
2549	8382.2
2550	8369.7
2551	8317.9
2552	8225.9
2553	8199.0
2554	8253.3
2555	8318.8
2556	8394.7
2557	8471.3
2558	8390.1
2559	8334.4
2560	8346.0
2561	8167.2
2562	8123.2
2563	8158.0
2564	8249.7
2565	8202.1
2566	8236.1
2567	8164.7
2568	8170.1
2569	7976.1
2570	8038.5
2571	8098.2
2572	7971.1
2573	8027.3
2574	8116.9
2575	8353.5
2576	8393.8
2577	8348.1
2578	8420.4
2579	8363.5
2580	8356.9
2581	8325.0
2582	8171.1
2583	8182.0
2584	8146.3
2585	8154.4
2586	8048.0
2587	8019.0
2588	7945.9
2589	7910.7
2590	8087.9
2591	8041.4
2592	7897.1
2593	7998.1
2594	8103.6
2595	8162.1
2596	8088.1
2597	8090.6
2598	8000.0
2599	7950.0
2600	7857.1
2601	7902.1
2602	7950.2
2603	7993.0
2604	7925.1
2605	7946.7
2606	7854.8
2607	7949.9
2608	7899.7
2609	7667.0
2610	7619.1
2611	7577.5
2612	7480.6
2613	7483.1
2614	7553.9
2615	7387.6
2616	7296.5
2617	7128.2
2618	7333.0
2619	7350.8
2620	7212.7
2621	7060.3
2622	6925.5
2623	6651.4
2624	6773.6
2625	6683.4
2626	6695.8
2627	6913.0
2628	6893.6
2629	6713.4
2630	6592.2
2631	6686.6
2632	7078.4
2633	7133.8
2634	6997.7
2635	6858.3
2636	6637.7
2637	6724.6
2638	6420.9
2639	6421.2
2640	6660.6
2641	6751.6
2642	6420.4
2643	6251.9
2644	6158.6
2645	6004.5
2646	6310.1
2647	6303.4
2648	6659.8
2649	6322.3
2650	6249.3
2651	6074.9
2652	6114.1
2653	5963.2
2654	6168.6
2655	6091.7
2656	6396.1
2657	6400.3
2658	6221.1
2659	6271.4
2660	6104.6
2661	6326.6
2662	6583.0
2663	6466.3
2664	6528.1
2665	6678.8
2666	6590.1
2667	6534.1
2668	6703.1
2669	6472.7
2670	6370.9
2671	6435.7
2672	6341.3
2673	6141.9
2674	6165.1
2675	6080.4
2676	6261.6
2677	6143.3
2678	6295.7
2679	6492.0
2680	6251.1
2681	6141.3
2682	6087.0
2683	6082.0
2684	5905.5
2685	5819.0
2686	5761.1
2687	5580.1
2688	5390.9
2689	5447.4
2690	5682.4
2691	5630.6
2692	5431.7
2693	5368.6
2694	5614.4
2695	5551.7
2696	5499.2
2697	5464.3
2698	5454.1
2699	5364.5
2700	5447.6
2701	5661.0
2702	5603.3
2703	5889.4
2704	5865.4
2705	6023.5
2706	6010.8
2707	6031.4
2708	6040.8
2709	5881.4
2710	6054.2
2711	6092.5
2712	6164.6
2713	6005.9
2714	6038.1
2715	6139.4
2716	6366.2
2717	6369.1
2718	6319.1
2719	6115.6
2720	6074.2
2721	6060.0
2722	6141.9
2723	6133.5
2724	6271.7
2725	6250.8
2726	6356.3
2727	6299.3
2728	6264.3
2729	6498.9
2730	6539.2
2731	6580.7
2732	6471.5
2733	6700.1
2734	6704.1
2735	6685.6
2736	6736.3
2737	6582.4
2738	6512.8
2739	6425.3
2740	6291.0
2741	6332.1
2742	6371.5
2743	6251.6
2744	6120.6
2745	6311.4
2746	6266.6
2747	6155.8
2748	6168.3
2749	6208.0
2750	6240.2
2751	6081.3
2752	6036.9
2753	6284.0
2754	6237.3
2755	6349.3
2756	6377.2
2757	6433.0
2758	6438.9
2759	6534.7
2760	6589.2
2761	6566.8
2762	6610.6
2763	6458.2
2764	6390.8
2765	6346.3
2766	6249.7
2767	6310.2
2768	6268.9
2769	6022.4
2770	5955.4
2771	5941.0
2772	6019.6
2773	5947.7
2774	6017.2
2775	5872.9
2776	6002.6
2777	5885.6
2778	5809.3
2779	5787.6
2780	5923.3
2781	5840.2
2782	5817.6
2783	5972.8
2784	6082.9
2785	6165.0
2786	6036.8
2787	5989.3
2788	6043.2
2789	5952.1
2790	5803.2
2791	5782.0
2792	5887.7
2793	5999.4
2794	5987.2
2795	5861.8
2796	5879.8
2797	5816.9
2798	5716.5
2799	5569.4
2800	5606.4
2801	5452.4
2802	5670.7
2803	5904.9
2804	6064.5
2805	6089.6
2806	6171.3
2807	6102.1
2808	6258.0
2809	6005.0
2810	6123.8
2811	6142.8
2812	6022.4
2813	6029.2
2814	5870.5
2815	5953.2
2816	6174.5
2817	6238.0
2818	6324.1
2819	6454.2
2820	6397.3
2821	6468.5
2822	6407.8
2823	6442.3
2824	6488.6
2825	6560.8
2826	6503.1
2827	6574.4
2828	6577.6
2829	6587.4
2830	6526.9
2831	6492.5
2832	6607.8
2833	6557.2
2834	6489.5
2835	6456.4
2836	6491.3
2837	6568.7
2838	6429.0
2839	6300.5
2840	6387.8
2841	6395.0
2842	6376.0
2843	6363.4
2844	6413.8
2845	6481.5
2846	6279.6
2847	6298.1
2848	6198.9
2849	6317.9
2850	6346.2
2851	6338.2
2852	6363.6
2853	6472.9
2854	6483.0
2855	6508.5
2856	6595.4
2857	6562.9
2858	6637.7
2859	6591.1
2860	6717.7
2861	6670.1
2862	6696.8
2863	6791.2
2864	6849.1
2865	6857.2
2866	6960.9
2867	6977.1
2868	7015.8
2869	6908.6
2870	7081.6
2871	6919.7
2872	6871.4
2873	6941.3
2874	6944.6
2875	6970.1
2876	6862.0
2877	6739.1
2878	6830.9
2879	6795.3
2880	6800.4
2881	6944.6
2882	6965.7
2883	6915.7
2884	6838.5
2885	6968.6
2886	7046.0
2887	7000.0
2888	6932.8
2889	6945.3
2890	6900.4
2891	6825.2
2892	6862.4
2893	6868.0
2894	6981.1
2895	6903.8
2896	6996.7
2897	6924.0
2898	6984.3
2899	7061.7
2900	6995.4
2901	6945.0
2902	6991.3
2903	6924.3
2904	6900.3
2905	6930.8
2906	6965.4
2907	7015.3
2908	6998.2
2909	7110.3
2910	7170.7
2911	7192.4
2912	7179.8
2913	7214.9
2914	7205.9
2915	7166.4
2916	7130.0
2917	7143.3
2918	7175.1
2919	7111.3
2920	7194.4
2921	7203.9
2922	7291.7
2923	7265.7
2924	7230.6
2925	7287.0
2926	7220.0
2927	7116.0
2928	7113.4
2929	7022.9
2930	7057.6
2931	7132.0
2932	7146.7
2933	7195.7
2934	7102.7
2935	6953.3
2936	6953.1
2937	6909.0
2938	6895.7
2939	6809.4
2940	6772.0
2941	6703.6
2942	6751.0
2943	6762.4
2944	6922.3
2945	6894.2
2946	6894.1
2947	6924.3
2948	7019.1
2949	6974.7
2950	7063.1
2951	7040.7
2952	7043.5
2953	7034.3
2954	6993.6
2955	6984.8
2956	7007.4
2957	6914.6
2958	6879.9
2959	6869.0
2960	6951.0
2961	7023.8
2962	7030.4
2963	7119.1
2964	7129.5
2965	7215.3
2966	7199.7
2967	7196.1
2968	7228.1
2969	7267.8
2970	7222.9
2971	7191.4
2972	7246.7
2973	7258.8
2974	7293.8
2975	7134.0
2976	7127.3
2977	7131.5
2978	7111.6
2979	7145.0
2980	7243.8
2981	7251.9
2982	7227.4
2983	7249.9
2984	7252.5
2985	7372.3
2986	7348.7
2987	7384.3
2988	7367.1
2989	7348.1
2990	7391.0
2991	7358.8
2992	7432.2
2993	7434.4
2994	7471.8
2995	7487.0
2996	7506.3
2997	7585.5
2998	7617.6
2999	7619.1
3000	7696.5
3001	7760.4
3002	7737.2
3003	7879.2
3004	7911.4
3005	7913.7
3006	7943.4
3007	7924.6
3008	7934.6
3009	7946.1
3010	7978.1
3011	7957.3
3012	7979.3
3013	8016.3
3014	7987.9
3015	8051.9
3016	8101.3
3017	8114.5
3018	8031.4
3019	8061.1
3020	8116.4
3021	8013.1
3022	7929.9
3023	7958.6
3024	7960.3
3025	7888.8
3026	7949.1
3027	8024.9
3028	8135.2
3029	8171.9
3030	8197.2
3031	8242.3
3032	8199.6
3033	8226.5
3034	8258.9
3035	8283.0
3036	8340.6
3037	8237.8
3038	8245.2
3039	8159.6
3040	8173.6
3041	8160.2
3042	8249.4
3043	8300.4
3044	8354.0
3045	8280.4
3046	8337.9
3047	8346.1
3048	8369.7
3049	8286.7
3050	8292.9
3051	8112.4
3052	8032.6
3053	7699.1
3054	7810.7
3055	7948.1
3056	7820.4
3057	7879.1
3058	7727.8
3059	7768.3
3060	7752.9
3061	7914.8
3062	7952.8
3063	8021.1
3064	8004.2
3065	8018.1
3066	8097.9
3067	8269.7
3068	8285.9
3069	8281.8
3070	8294.8
3071	8390.1
3072	8444.3
3073	8352.0
3074	8310.4
3075	8387.9
3076	8340.4
3077	8375.2
3078	8282.1
3079	8293.6
3080	8331.7
3081	8362.9
3082	8359.0
3083	8232.7
3084	8159.4
3085	8109.5
3086	8170.6
3087	8151.6
3088	8235.8
3089	8119.3
3090	8027.0
3091	7815.1
3092	7909.0
3093	7829.0
3094	7866.4
3095	7779.7
3096	7671.9
3097	7724.9
3098	7900.0
3099	7817.2
3100	7806.5
3101	7883.9
3102	7841.5
3103	7926.1
3104	7965.4
3105	7951.6
3106	7959.3
3107	7848.4
3108	7908.7
3109	7901.9
3110	8010.7
3111	8109.0
3112	8103.7
3113	8075.2
3114	8097.7
3115	8062.3
3116	7965.2
3117	8028.6
3118	8069.3
3119	8102.9
3120	8109.2
3121	8129.3
3122	8056.5
3123	8107.2
3124	8162.6
3125	8120.5
3126	8184.4
3127	8131.2
3128	8078.3
3129	8085.3
3130	8034.6
3131	8060.3
3132	8022.8
3133	8063.8
3134	8085.0
3135	8047.5
3136	8053.6
3137	8076.5
3138	8029.6
3139	7983.1
3140	8010.9
3141	7981.4
3142	7990.0
3143	8031.4
3144	7925.2
3145	7848.8
3146	7740.9
3147	7842.3
3148	7809.1
3149	7872.8
3150	7919.3
3151	7869.0
3152	7894.2
3153	7812.3
3154	7836.5
3155	7681.0
3156	7633.6
3157	7654.7
3158	7607.7
3159	7624.2
3160	7578.3
3161	7670.7
3162	7709.1
3163	7734.5
3164	7707.1
3165	7788.9
3166	7792.7
3167	7784.1
3168	7838.2
3169	7882.3
3170	7881.7
3171	7869.5
3172	7938.9
3173	7983.9
3174	8061.1
3175	8107.6
3176	8112.1
3177	8096.4
3178	8039.1
3179	8055.9
3180	8120.1
3181	8091.8
3182	8060.7
3183	8078.8
3184	8085.3
3185	8053.5
3186	8071.1
3187	8021.7
3188	7990.9
3189	7986.1
3190	7939.7
3191	7988.3
3192	8048.0
3193	8029.2
3194	8220.6
3195	8304.9
3196	8305.3
3197	8323.6
3198	8332.7
3199	8323.2
3200	8301.7
3201	8296.4
3202	8255.5
3203	8261.1
3204	8267.0
3205	8347.7
3206	8288.6
3207	8345.6
3208	8372.4
3209	8230.2
3210	8232.5
3211	8338.4
3212	8435.4
3213	8418.3
3214	8506.1
3215	8525.7
3216	8533.8
3217	8570.6
3218	8578.1
3219	8549.6
3220	8527.9
3221	8558.5
3222	8550.0
3223	8520.1
3224	8458.2
3225	8624.0
3226	8636.3
3227	8625.9
3228	8603.4
3229	8607.2
3230	8668.0
3231	8755.4
3232	8739.2
3233	8715.5
3234	8693.0
3235	8773.9
3236	8811.4
3237	8787.9
3238	8818.4
3239	8775.6
3240	8827.2
3241	8887.9
3242	8893.8
3243	8871.2
3244	8898.8
3245	8866.0
3246	8894.5
3247	8941.8
3248	9025.0
3249	9054.2
3250	9050.7
3251	9077.1
3252	9100.7
3253	9080.8
3254	9124.1
3255	9120.0
3256	9024.4
3257	9041.1
3258	9028.5
3259	8966.4
3260	8945.7
3261	9016.8
3262	9025.1
3263	9094.4
3264	9096.9
3265	9087.6
3266	9017.7
3267	8999.4
3268	8967.1
3269	9033.2
3270	9058.1
3271	9125.3
3272	9139.4
3273	9223.9
3274	9257.0
3275	9307.0
3276	9310.4
3277	9422.5
3278	9461.7
3279	9479.2
3280	9450.8
3281	9451.2
3282	9588.3
3283	9585.0
3284	9634.3
3285	9575.6
3286	9585.7
3287	9570.1
3288	9464.6
3289	9350.3
3290	9354.1
3291	9352.6
3292	9439.7
3293	9391.0
3294	9472.3
3295	9443.6
3296	9418.8
3297	9538.0
3298	9545.9
3299	9480.2
3300	9410.3
3301	9319.4
3302	9330.2
3303	9296.5
3304	9354.7
3305	9201.2
3306	9235.8
3307	9263.9
3308	9225.4
3309	9299.2
3310	9252.1
3311	9309.3
3312	9324.1
3313	9280.1
3314	9258.8
3315	9289.5
3316	9206.0
3317	9298.1
3318	9382.1
3319	9392.4
3320	9385.8
3321	9334.8
3322	9303.1
3323	9373.9
3324	9364.5
3325	9155.2
3326	9025.8
3327	9046.2
3328	9016.6
3329	9018.7
3330	9096.4
3331	9106.2
3332	9083.7
3333	8985.0
3334	8985.4
3335	9001.6
3336	9119.9
3337	9168.3
3338	9195.7
3339	9235.5
3340	9263.1
3341	9223.5
3342	9146.1
3343	9149.9
3344	9213.1
3345	9222.5
3346	9217.7
3347	9213.3
3348	9364.2
3349	9400.1
3350	9368.5
3351	9397.0
3352	9372.4
3353	9351.3
3354	9417.9
3355	9381.5
3356	9466.8
3357	9427.1
3358	9550.8
3359	9539.7
3360	9497.7
3361	9449.4
3362	9535.5
3363	9487.7
3364	9494.0
3365	9561.5
3366	9579.2
3367	9614.4
3368	9563.6
3369	9624.7
3370	9682.3
3371	9659.5
3372	9712.5
3373	9726.2
3374	9769.6
3375	9677.4
3376	9622.9
3377	9682.5
3378	9769.2
3379	9783.2
3380	9829.1
3381	9815.0
3382	9807.4
3383	9832.5
3384	9644.4
3385	9793.2
3386	9876.3
3387	9873.4
3388	9937.8
3389	9965.2
3390	9943.8
3391	9961.0
3392	10045.0
3393	10007.0
3394	10021.5
3395	10018.8
3396	10017.1
3397	10043.3
3398	10088.7
3399	10128.8
3400	10115.6
3401	10068.9
3402	10113.9
3403	10149.7
3404	10074.3
3405	10045.4
3406	10115.5
3407	10145.6
3408	10229.2
3409	10222.1
3410	10187.2
3411	10184.9
3412	10139.8
3413	10094.1
3414	10037.9
3415	10132.9
3416	10174.8
3417	10104.1
3418	10078.9
3419	9983.2
3420	9904.8
3421	9938.5
3422	9922.3
3423	10008.9
3424	10134.1
3425	10145.0
3426	10250.9
3427	10373.2
3428	10408.0
3429	10441.2
3430	10486.6
3431	10494.7
3432	10429.8
3433	10459.1
3434	10475.7
3435	10532.1
3436	10536.0
3437	10583.4
3438	10500.3
3439	10536.6
3440	10631.2
3441	10724.9
3442	10678.5
3443	10801.7
3444	10780.6
3445	10813.9
3446	10880.7
3447	10919.2
3448	10823.1
3449	10750.9
3450	10732.4
3451	10800.6
3452	10810.2
3453	10721.8
3454	10567.1
3455	10629.3
3456	10629.5
3457	10529.9
3458	10402.5
3459	10382.3
3460	10368.8
3461	10534.5
3462	10476.6
3463	10473.4
3464	10328.6
3465	10339.5
3466	10493.8
3467	10427.2
3468	10424.5
3469	10476.9
3470	10412.3
3471	10420.9
3472	10440.2
3473	10456.3
3474	10438.4
3475	10510.3
3476	10504.6
3477	10456.3
3478	10391.7
3479	10445.2
3480	10527.1
3481	10535.1
3482	10522.9
3483	10626.7
3484	10634.2
3485	10656.3
3486	10618.8
3487	10620.1
3488	10557.8
3489	10678.7
3490	10649.8
3491	10532.1
3492	10539.3
3493	10506.6
3494	10495.8
3495	10489.3
3496	10540.0
3497	10533.6
3498	10502.4
3499	10483.5
3500	10555.3
3501	10528.3
3502	10572.3
3503	10682.7
3504	10701.3
3505	10723.9
3506	10772.7
3507	10769.5
3508	10778.1
3509	10733.9
3510	10786.7
3511	10818.1
3512	10895.8
3513	10913.6
3514	10962.5
3515	10869.9
3516	10966.2
3517	10955.8
3518	10850.7
3519	10898.4
3520	10806.3
3521	10708.1
3522	10821.5
3523	10740.9
3524	10712.2
3525	10665.6
3526	10824.1
3527	10890.2
3528	11023.2
3529	11038.0
3530	11104.3
3531	11221.1
3532	11136.0
3533	11175.8
3534	11187.5
3535	11175.1
3536	11202.6
3537	11344.9
3538	11312.6
3539	11395.5
3540	11395.9
3541	11377.4
3542	11447.2
3543	11491.3
3544	11535.6
3545	11626.9
3546	11755.3
3547	11739.0
3548	11786.9
3549	11832.8
3550	11740.7
3551	11902.2
3552	11809.6
3553	11755.7
3554	11759.1
3555	11701.3
3556	11629.2
3557	11699.6
3558	11771.8
3559	11845.4
3560	11835.0
3561	11845.7
3562	11862.5
3563	11872.9
3564	11922.0
3565	11933.4
3566	11951.6
3567	11906.2
3568	11954.4
3569	11839.6
3570	11774.2
3571	11817.3
3572	11869.8
3573	11854.3
3574	11920.0
3575	11893.8
3576	11916.4
3577	11908.2
3578	11816.7
3579	11817.5
3580	11674.6
3581	11601.7
3582	11609.4
3583	11585.0
3584	11720.1
3585	11782.6
3586	11913.8
3587	11901.3
3588	11920.5
3589	11925.6
3590	11891.3
3591	11892.5
3592	11929.3
3593	11876.5
3594	11928.5
3595	12034.4
3596	12067.7
3597	12083.3
3598	12064.8
3599	12008.4
3600	11710.2
3601	11587.7
3602	11595.9
3603	11248.2
3604	11210.3
3605	11270.8
3606	10950.2
3607	11160.7
3608	11047.2
3609	11208.2
3610	11414.8
3611	11371.4
3612	11165.6
3613	11340.5
3614	11346.4
3615	11360.7
3616	11287.8
3617	11112.0
3618	11224.7
3619	10952.6
3620	11098.2
3621	11031.4
3622	10797.5
3623	10852.0
3624	11036.3
3625	10962.8
3626	11056.8
3627	11103.5
3628	11155.4
3629	11246.3
3630	11274.2
3631	11276.6
3632	11214.5
3633	11188.8
3634	11386.6
3635	11548.1
3636	11569.6
3637	11603.1
3638	11521.2
3639	11636.8
3640	11626.7
3641	11649.5
3642	11535.2
3643	11537.3
3644	11375.0
3645	11240.2
3646	11179.4
3647	11161.0
3648	11425.7
3649	11446.4
3650	11333.9
3651	11561.6
3652	11611.9
3653	11635.2
3654	11768.4
3655	11887.4
3656	11818.0
3657	11706.6
3658	11863.0
3659	11800.7
3660	11934.1
3661	11790.5
3662	11834.0
3663	11911.6
3664	11810.4
3665	11777.3
3666	11903.3
3667	11991.3
3668	12045.9
3669	12087.8
3670	12067.8
3671	12054.9
3672	12080.8
3673	12012.7
3674	12056.0
3675	12042.9
3676	12116.6
3677	12146.6
3678	12171.9
3679	12144.7
3680	12193.0
3681	12278.6
3682	12212.4
3683	12102.9
3684	12014.5
3685	12081.7
3686	12055.2
3687	12164.9
3688	12206.9
3689	12214.5
3690	12278.4
3691	12287.8
3692	12240.9
3693	12426.1
3694	12476.9
3695	12389.5
3696	12393.3
3697	12617.4
3698	12950.0
3699	12930.2
3700	12934.7
3701	12915.9
3702	12860.5
3703	12982.6
3704	13116.4
3705	13152.1
3706	13143.5
3707	13234.5
3708	13260.9
3709	13406.9
3710	13454.5
3711	13476.6
3712	13245.3
3713	13398.2
3714	13463.7
3715	13558.0
3716	13620.7
3717	13579.8
3718	13636.3
3719	13633.1
3720	13725.8
3721	13713.2
3722	13753.0
3723	13772.6
3724	13719.3
3725	13794.7
3726	13968.5
3727	14058.3
3728	14090.4
3729	14111.4
3730	14002.4
3731	14091.9
3732	14113.2
3733	14174.3
3734	14241.3
3735	14170.0
3736	14256.0
3737	14228.1
3738	14294.6
3739	14284.4
3740	14088.1
3741	13786.8
3742	13732.1
3743	13978.0
3744	13849.3
3745	13660.6
3746	13846.4
3747	14032.5
3748	14007.1
3749	14062.8
3750	14076.6
3751	14209.6
3752	14200.2
3753	14327.5
3754	14351.9
3755	14387.6
3756	14317.5
3757	14176.8
3758	14201.7
3759	14150.4
3760	14066.1
3761	14199.4
3762	14160.8
3763	14146.5
3764	14364.4
3765	14375.1
3766	14382.4
3767	14304.7
3768	14322.3
3769	14311.5
3770	14116.1
3771	14328.8
3772	14368.2
3773	14416.7
3774	14355.6
3775	14295.0
3776	14265.3
3777	14397.9
3778	14359.7
3779	14368.6
3780	14540.7
3781	14537.3
3782	14415.4
3783	14507.0
3784	14553.4
3785	14553.2
3786	14571.5
3787	14631.2
3788	14616.7
3789	14703.2
3790	14854.6
3791	14826.0
3792	14875.5
3793	14769.0
3794	14824.6
3795	14905.7
3796	14876.9
3797	14851.2
3798	14915.8
3799	14886.1
3800	14788.8
3801	14791.3
3802	14767.1
3803	14856.1
3804	14408.3
3805	14248.4
3806	14064.9
3807	13962.2
3808	13749.1
3809	13825.9
3810	13912.7
3811	14194.0
3812	14257.2
3813	14146.5
3814	13982.9
3815	13602.4
3816	13940.4
3817	13977.4
3818	14250.2
3819	14323.2
3820	14310.5
3821	14490.1
3822	14545.7
3823	14469.6
3824	14536.8
3825	14483.0
3826	14605.3
3827	14641.7
3828	14730.8
3829	14953.2
3830	14943.1
3831	14974.9
3832	15005.5
3833	14997.6
3834	14883.0
3835	14965.3
3836	15020.8
3837	14966.0
3838	14870.4
3839	14821.7
3840	15080.9
3841	14987.1
3842	14578.7
3843	14620.4
3844	14611.0
3845	14403.6
3846	14374.6
3847	14416.9
3848	14416.9
3849	14620.3
3850	14672.1
3851	14556.7
3852	14609.4
3853	14575.4
3854	14736.3
3855	14686.0
3856	14824.2
3857	14918.8
3858	14968.2
3859	15068.4
3860	15055.5
3861	15070.9
3862	15223.9
3863	15094.9
3864	15053.2
3865	15124.6
3866	15188.6
3867	15137.3
3868	15329.4
3869	15501.5
3870	15414.3
3871	15314.9
3872	14928.8
3873	14725.9
3874	14816.5
3875	14940.6
3876	14764.3
3877	14829.8
3878	15078.4
3879	15252.1
3880	15103.6
3881	15000.2
3882	15035.7
3883	14882.4
3884	14784.9
3885	14848.3
3886	14755.2
3887	14681.7
3888	14819.9
3889	14892.0
3890	14804.7
3891	14869.4
3892	14989.7
3893	14907.4
3894	15058.3
3895	14974.7
3896	14823.9
3897	14766.2
3898	14941.8
3899	15023.5
3900	15110.4
3901	15153.8
3902	15058.6
3903	15207.3
3904	14930.1
3905	15056.7
3906	14913.3
3907	14937.7
3908	14540.4
3909	14587.5
3910	14507.9
3911	14802.4
3912	14595.7
3913	14678.6
3914	14534.3
3915	14432.1
3916	14652.9
3917	15004.2
3918	14838.3
3919	14838.3
3920	14731.8
3921	14553.1
3922	14520.5
3923	13979.7
3924	14237.5
3925	14269.1
3926	14269.1
3927	14359.2
3928	14292.5
3929	14334.4
3930	14305.5
3931	14124.8
3932	14183.6
3933	14313.4
3934	14479.8
3935	14546.9
3936	14590.1
3937	14240.1
3938	14198.4
3939	13873.4
3940	13726.3
3941	13965.5
3942	13980.4
3943	14077.8
3944	13861.0
3945	13696.9
3946	14042.0
3947	14494.8
3948	14427.1
3949	14450.6
3950	14494.7
3951	14311.9
3952	14513.7
3953	14581.6
3954	14576.5
3955	14603.0
3956	14790.0
3957	14783.8
3958	14718.0
3959	14892.1
3960	14809.0
3961	14862.7
3962	14863.8
3963	15100.0
3964	15261.3
3965	15187.5
3966	15279.7
3967	15430.5
3968	15507.1
3969	15529.7
3970	15327.8
3971	15429.6
3972	15231.3
3973	15386.0
3974	15603.9
3975	15738.1
3976	15782.5
3977	15890.5
3978	15759.6
3979	15823.7
3980	15825.9
3981	15895.4
3982	15841.9
3983	15945.7
3984	15731.2
3985	15774.7
3986	15814.8
3987	15808.9
3988	15725.8
3989	15769.0
3990	15539.3
3991	15700.0
3992	15364.5
3993	15317.1
3994	15392.2
3995	15330.2
3996	15315.6
3997	15566.5
3998	15566.5
3999	15759.9
4000	15735.0
4001	15708.2
4002	15802.2
4003	15695.9
4004	15819.6
4005	15832.7
4006	15890.5
4007	15860.0
4008	15499.2
4009	15575.7
4010	15318.5
4011	15282.1
4012	15177.1
4013	15140.2
4014	15289.3
4015	15256.2
4016	15182.3
4017	15002.5
4018	14856.5
4019	14602.3
4020	14667.0
4021	14670.5
4022	14603.5
4023	14524.0
4024	14458.0
4025	14431.9
4026	13945.2
4027	13817.1
4028	13775.6
4029	13655.4
4030	12625.8
4031	12839.7
4032	12254.6
4033	13106.7
4034	13141.1
4035	13026.7
4036	13246.6
4037	13217.1
4038	13229.0
4039	13494.7
4040	13515.7
4041	12814.7
4042	13037.3
4043	12889.5
4044	12934.8
4045	12818.8
4046	13254.7
4047	13266.7
4048	13313.2
4049	13073.9
4050	13312.2
4051	13269.7
4052	13080.4
4053	13173.0
4054	13017.5
4055	13156.6
4056	13436.6
4057	13454.3
4058	13272.1
4059	13170.4
4060	12862.5
4061	12630.1
4062	12948.1
4063	12803.3
4064	12691.3
4065	12655.0
4066	13056.1
4067	13131.3
4068	13073.2
4069	13021.4
4070	12656.0
4071	13030.5
4072	12964.7
4073	12964.2
4074	13434.2
4075	13403.0
4076	13537.9
4077	13442.4
4078	13269.0
4079	13699.1
4080	13838.7
4081	13738.9
4082	13846.4
4083	13919.6
4084	13759.4
4085	13599.0
4086	13507.9
4087	13278.3
4088	13160.3
4089	13408.9
4090	13637.6
4091	13568.7
4092	13924.9
4093	13728.9
4094	13593.4
4095	13663.0
4096	13669.2
4097	13772.8
4098	13877.8
4099	13707.2
4100	13798.3
4101	14060.0
4102	14074.0
4103	14005.8
4104	14026.8
4105	14074.0
4106	13945.1
4107	14053.9
4108	14016.4
4109	14187.2
4110	14186.4
4111	14124.8
4112	14247.6
4113	13992.1
4114	13857.2
4115	13852.0
4116	13577.6
4117	13583.7
4118	13451.4
4119	13499.2
4120	13539.5
4121	13600.9
4122	13300.0
4123	13431.7
4124	13341.2
4125	13239.3
4126	12909.8
4127	12823.9
4128	12755.2
4129	12584.3
4130	12853.3
4131	12998.7
4132	12826.6
4133	12885.1
4134	12631.5
4135	12585.0
4136	12412.5
4137	12403.4
4138	12205.6
4139	12446.1
4140	12077.7
4141	12089.8
4142	12046.2
4143	11770.9
4144	11856.9
4145	11980.1
4146	11765.9
4147	11982.2
4148	11794.7
4149	11999.8
4150	11739.5
4151	11383.5
4152	11443.0
4153	11151.6
4154	11287.7
4155	11642.1
4156	11895.3
4157	11784.6
4158	11610.1
4159	11934.9
4160	11675.1
4161	11589.9
4162	11484.6
4163	11683.8
4164	11817.9
4165	11881.3
4166	11569.5
4167	11447.6
4168	11751.4
4169	11774.4
4170	11717.5
4171	11799.9
4172	12047.7
4173	11996.1
4174	11695.4
4175	11606.8
4176	11686.1
4177	11677.5
4178	11335.3
4179	11379.9
4180	11217.4
4181	11497.3
4182	11327.1
4183	11419.9
4184	11479.6
4185	11662.6
4186	11707.3
4187	11693.8
4188	11903.9
4189	11849.1
4190	11480.1
4191	11139.7
4192	11554.2
4193	11350.0
4194	11180.8
4195	11136.5
4196	11412.0
4197	10899.0
4198	10911.5
4199	10661.4
4200	10631.6
4201	11557.9
4202	11328.5
4203	11176.5
4204	11112.9
4205	11438.6
4206	11387.9
4207	10945.7
4208	10987.5
4209	11182.5
4210	11002.3
4211	11418.5
4212	10726.0
4213	10862.0
4214	10297.6
4215	9902.9
4216	8997.7
4217	9955.7
4218	10224.5
4219	9706.8
4220	9308.2
4221	9655.2
4222	9944.3
4223	9795.0
4224	8995.3
4225	8811.2
4226	8353.2
4227	8009.9
4228	7905.4
4229	8650.1
4230	8822.9
4231	9116.0
4232	9231.8
4233	9726.8
4234	9744.7
4235	9133.9
4236	9343.5
4237	9293.8
4238	8911.9
4239	8646.8
4240	8740.6
4241	8832.2
4242	8498.8
4243	8530.8
4244	8211.5
4245	7988.4
4246	7974.4
4247	8622.6
4248	8696.6
4249	8654.1
4250	8849.3
4251	8910.6
4252	8510.5
4253	8834.7
4254	8879.9
4255	8836.1
4256	8491.2
4257	9036.5
4258	9063.1
4259	9152.4
4260	9182.6
4261	8975.5
4262	9023.9
4263	9167.7
4264	9196.9
4265	9257.8
4266	9268.4
4267	9098.9
4268	9068.5
4269	9017.7
4270	9195.8
4271	9486.3
4272	9644.1
4273	9724.0
4274	9570.0
4275	9469.5
4276	9378.5
4277	9199.9
4278	9057.3
4279	8692.7
4280	8611.1
4281	8620.1
4282	8494.8
4283	8276.5
4284	8230.7
4285	8159.3
4286	8172.8
4287	8375.2
4288	8349.5
4289	8701.5
4290	8477.4
4291	8450.4
4292	8233.4
4293	8361.9
4294	8495.4
4295	8440.2
4296	8544.7
4297	8584.8
4298	8397.3
4299	8355.8
4300	8200.9
4301	8265.5
4302	8075.0
4303	7843.2
4304	7861.4
4305	7875.9
4306	7603.6
4307	7540.4
4308	7483.4
4309	7512.1
4310	7811.7
4311	7620.9
4312	7270.5
4313	7219.4
4314	7357.5
4315	7025.9
4316	6936.9
4317	6817.4
4318	7153.3
4319	7204.7
4320	7340.5
4321	7427.8
4322	7636.9
4323	7645.3
4324	7661.6
4325	7701.6
4326	7710.0
4327	7952.3
4328	7989.5
4329	8072.4
4330	8076.2
4331	7927.6
4332	7601.1
4333	7815.0
4334	7961.0
4335	8334.7
4336	8319.9
4337	8321.1
4338	8346.0
4339	8404.7
4340	8704.8
4341	8834.8
4342	8711.9
4343	8874.5
4344	9030.9
4345	8718.2
4346	8615.8
4347	8834.1
4348	8769.2
4349	8888.2
4350	8777.0
4351	8656.3
4352	8891.3
4353	9038.0
4354	9074.7
4355	9136.7
4356	9229.0
4357	9228.9
4358	9408.1
4359	9316.8
4360	9269.0
4361	9000.6
4362	8984.2
4363	8978.6
4364	9159.3
4365	9341.6
4366	9389.4
4367	9225.3
4368	9308.6
4369	9347.4
4370	9405.7
4371	9510.8
4372	9435.5
4373	9424.3
4374	9630.9
4375	9664.8
4376	9464.8
4377	9454.6
4378	9519.0
4379	9396.2
4380	9497.7
4381	9627.6
4382	9708.4
4383	9714.4
4384	9518.7
4385	9497.9
4386	9283.2
4387	9384.0
4388	9580.9
4389	9338.5
4390	9348.7
4391	9617.6
4392	9667.2
4393	9686.9
4394	9845.7
4395	9787.8
4396	9903.7
4397	9643.5
4398	9707.8
4399	9569.0
4400	9520.0
4401	9360.6
4402	9443.1
4403	9344.9
4404	9567.4
4405	9634.0
4406	9905.3
4407	9997.6
4408	10041.9
4409	10142.8
4410	10122.2
4411	10153.4
4412	10369.8
4413	10438.6
4414	10591.7
4415	10664.0
4416	10661.6
4417	10874.4
4418	10855.1
4419	10901.0
4420	10876.8
4421	10704.4
4422	10776.0
4423	10947.6
4424	10923.0
4425	10831.9
4426	10933.8
4427	11046.8
4428	10901.9
4429	10598.5
4430	10708.3
4431	10695.5
4432	10892.5
4433	11161.0
4434	11303.8
4435	11427.8
4436	11376.4
4437	11356.9
4438	11442.7
4439	11365.1
4440	11173.0
4441	10999.7
4442	11018.1
4443	11222.7
4444	11388.6
4445	11366.6
4446	11462.0
4447	11340.8
4448	11452.6
4449	11492.6
4450	11593.3
4451	11746.9
4452	11771.0
4453	11777.3
4454	11727.4
4455	11816.7
4456	11853.3
4457	11695.9
4458	11643.8
4459	11891.2
4460	11853.7
4461	11756.1
4462	11518.2
4463	11326.7
4464	11557.0
4465	11817.1
4466	11721.4
4467	11814.3
4468	11743.2
4469	11748.8
4470	11608.3
4471	11870.9
4472	11849.7
4473	11676.4
4474	11885.3
4475	11790.2
4476	11875.2
4477	11828.6
4478	11739.8
4479	11622.6
4480	11634.0
4481	11429.8
4482	11683.4
4483	11414.8
4484	11465.8
4485	11242.4
4486	11387.7
4487	11548.9
4488	11580.6
4489	11816.8
4490	11814.0
4491	11801.4
4492	11834.5
4493	11867.0
4494	11986.9
4495	11959.4
4496	12034.4
4497	11846.2
4498	11719.3
4499	11940.5
4500	11905.2
4501	11965.8
4502	11657.5
4503	11776.8
4504	11644.7
4505	11862.1
4506	11868.8
4507	11905.3
4508	12032.2
4509	12011.8
4510	11808.9
4511	11541.2
4512	11594.7
4513	11616.0
4514	11705.9
4515	11735.5
4516	11863.2
4517	11696.9
4518	11645.0
4519	11830.8
4520	11890.8
4521	11967.5
4522	12023.2
4523	12035.1
4524	11940.0
4525	12145.1
4526	12204.4
4527	12222.5
4528	12166.3
4529	12163.0
4530	12074.5
4531	11966.1
4532	11958.3
4533	11999.8
4534	11845.0
4535	11870.7
4536	12022.6
4537	11709.0
4538	11444.0
4539	11373.4
4540	11249.3
4541	11347.3
4542	11042.2
4543	10829.3
4544	10947.7
4545	10995.2
4546	11140.9
4547	10888.4
4548	10241.7
4549	10103.3
4550	10206.3
4551	10275.4
4552	10455.0
4553	10281.7
4554	10224.9
4555	10293.6
4556	10393.9
4557	10498.6
4558	10574.2
4559	10676.7
4560	10570.5
4561	10312.9
4562	10254.0
4563	10126.2
4564	10333.6
4565	10434.9
4566	10521.5
4567	10664.5
4568	10745.3
4569	11019.8
4570	11078.3
4571	11002.8
4572	11121.0
4573	11045.4
4574	11077.0
4575	10957.8
4576	11059.3
4577	11166.8
4578	11073.5
4579	10990.8
4580	10861.9
4581	10996.2
4582	10866.3
4583	11091.4
4584	11071.1
4585	11091.0
4586	10980.7
4587	10871.3
4588	11067.9
4589	11160.6
4590	11191.3
4591	11076.3
4592	11394.2
4593	11460.8
4594	11461.0
4595	11503.7
4596	11523.5
4597	11259.7
4598	11199.5
4599	11305.6
4600	11064.7
4601	10821.9
4602	10918.2
4603	10939.3
4604	10480.9
4605	10167.0
4606	10441.0
4607	10492.2
4608	10422.8
4609	9859.1
4610	9635.2
4611	9352.6
4612	9046.1
4613	10351.9
4614	10008.6
4615	10089.8
4616	9977.5
4617	9314.7
4618	9286.1
4619	9627.6
4620	9376.5
4621	9270.5
4622	9407.3
4623	9287.9
4624	9004.4
4625	9042.6
4626	9334.9
4627	9425.5
4628	9359.4
4629	9299.7
4630	9268.0
4631	9276.2
4632	8923.4
4633	8795.3
4634	8669.8
4635	8868.7
4636	9198.2
4637	9561.7
4638	9584.0
4639	9742.0
4640	9683.3
4641	9755.1
4642	9971.8
4643	10071.9
4644	10016.1
4645	9886.0
4646	9586.5
4647	9535.0
4648	9688.5
4649	9160.4
4650	9263.4
4651	9178.2
4652	9250.8
4653	9281.5
4654	9615.0
4655	9987.4
4656	10080.5
4657	10127.3
4658	10058.2
4659	10259.5
4660	10278.5
4661	10160.2
4662	9991.7
4663	9929.8
4664	10061.3
4665	10040.8
4666	10302.9
4667	10388.2
4668	10506.7
4669	10645.0
4670	10643.9
4671	10659.5
4672	10499.8
4673	10835.4
4674	10871.4
4675	10843.3
4676	10840.0
4677	10651.1
4678	10812.6
4679	10718.5
4680	10374.8
4681	10342.4
4682	10275.8
4683	10258.3
4684	10369.5
4685	10391.0
4686	10238.0
4687	10094.3
4688	10221.2
4689	10052.3
4690	9894.0
4691	10004.4
4692	10148.2
4693	10136.0
4694	10187.0
4695	10544.8
4696	10537.6
4697	10599.4
4698	10622.7
4699	10479.1
4700	10586.2
4701	10712.9
4702	10689.6
4703	10765.2
4704	10806.6
4705	10751.8
4706	10716.8
4707	10588.6
4708	10743.1
4709	10762.5
4710	10555.2
4711	10501.5
4712	10727.6
4713	10613.0
4714	10590.7
4715	10486.8
4716	10514.5
4717	10450.1
4718	10383.0
4719	10651.2
4720	10700.2
4721	10740.3
4722	10720.8
4723	10700.8
4724	10648.2
4725	10866.1
4726	10849.7
4727	10868.2
4728	10897.7
4729	10895.3
4730	10896.9
4731	10892.3
4732	10924.8
4733	10870.3
4734	10797.8
4735	10700.1
4736	10753.5
4737	10812.9
4738	10649.5
4739	10762.1
4740	10569.5
4741	10602.8
4742	10428.1
4743	10291.8
4744	10409.8
4745	10235.4
4746	10149.5
4747	10226.8
4748	10349.7
4749	10095.4
4750	10189.3
4751	10325.3
4752	10271.7
4753	9996.4
4754	9691.8
4755	9742.6
4756	9721.8
4757	9547.2
4758	9324.7
4759	9267.2
4760	9678.4
4761	9947.6
4762	10014.8
4763	9889.9
4764	9924.7
4765	10078.4
4766	10185.5
4767	10121.9
4768	10151.2
4769	10162.7
4770	10009.8
4771	10010.3
4772	9898.1
4773	9996.1
4774	10203.4
4775	10183.5
4776	10106.9
4777	9899.0
4778	9903.5
4779	9981.5
4780	9859.1
4781	9888.3
4782	9888.4
4783	9801.4
4784	9702.7
4785	9560.7
4786	9437.8
4787	9582.1
4788	10101.2
4789	10370.8
4790	10385.1
4791	10280.0
4792	10583.4
4793	10556.5
4794	10636.9
4795	10829.1
4796	10815.4
4797	10664.4
4798	10670.7
4799	10828.7
4800	10747.0
4801	10806.0
4802	10967.9
4803	11010.2
4804	10860.7
4805	10854.7
4806	10922.6
4807	10965.1
4808	10935.6
4809	10791.9
4810	10803.6
4811	10774.7
4812	10826.2
4813	11047.8
4814	11113.0
4815	11068.1
4816	10810.5
4817	10701.9
4818	10633.4
4819	10647.6
4820	10822.7
4821	10850.8
4822	10761.9
4823	10643.8
4824	10566.9
4825	10498.7
4826	10495.7
4827	10568.7
4828	10559.5
4829	10435.6
4830	10398.4
4831	10415.9
4832	10329.7
4833	10092.6
4834	10325.6
4835	10328.4
4836	10574.4
4837	10576.1
4838	10638.0
4839	10755.6
4840	10710.4
4841	10751.0
4842	10735.0
4843	10732.3
4844	10576.5
4845	10729.9
4846	10756.1
4847	10678.6
4848	10845.1
4849	10849.1
4850	10913.2
4851	10878.3
4852	10784.5
4853	10786.0
4854	10622.7
4855	10558.6
4856	10344.9
4857	10376.5
4858	10535.4
4859	10584.1
4860	10650.6
4861	10740.9
4862	10867.8
4863	10878.9
4864	10877.3
4865	10825.6
4866	10712.6
4867	10627.3
4868	10610.5
4869	10396.3
4870	10474.4
4871	10531.5
4872	10487.6
4873	10356.5
4874	10363.9
4875	10306.4
4876	10343.7
4877	10376.8
4878	10226.6
4879	10082.7
4880	10115.9
4881	10217.4
4882	10203.2
4883	10261.2
4884	10257.6
4885	10476.0
4886	10339.3
4887	10261.0
4888	10285.7
4889	10157.7
4890	10168.1
4891	10082.5
4892	10121.7
4893	9950.8
4894	9946.2
4895	10132.6
4896	9933.1
4897	9918.5
4898	10135.2
4899	10038.1
4900	10231.9
4901	10226.2
4902	9942.6
4903	9812.7
4904	9872.2
4905	9936.7
4906	10143.6
4907	10359.9
4908	10492.0
4909	10468.0
4910	10330.1
4911	10204.5
4912	10196.2
4913	9938.2
4914	9670.6
4915	9603.4
4916	9666.9
4917	9598.6
4918	9484.2
4919	9347.8
4920	9443.8
4921	9732.8
4922	10017.6
4923	10059.3
4924	9866.2
4925	9833.4
4926	9643.3
4927	9657.0
4928	9630.7
4929	9318.2
4930	9114.9
4931	9037.7
4932	8686.5
4933	8671.2
4934	8459.4
4935	8428.9
4936	7966.0
4937	8249.4
4938	8647.3
4939	8709.0
4940	8674.3
4941	8728.2
4942	8317.7
4943	8141.9
4944	8293.9
4945	8279.8
4946	8369.1
4947	8299.1
4948	8185.5
4949	8395.0
4950	8444.8
4951	8718.6
4952	8761.1
4953	8463.5
4954	8066.5
4955	7936.4
4956	8156.6
4957	8277.8
4958	7910.2
4959	7640.7
4960	7834.2
4961	8045.7
4962	8337.9
4963	8388.4
4964	8222.7
4965	8362.2
4966	8210.3
4967	7830.8
4968	7996.9
4969	8201.7
4970	8531.9
4971	8480.2
4972	8592.5
4973	8546.6
4974	8353.8
4975	8225.4
4976	8477.3
4977	8704.8
4978	8798.4
4979	8892.4
4980	8845.5
4981	9026.5
4982	8943.5
4983	8975.5
4984	8864.3
4985	8811.3
4986	8849.5
4987	8608.2
4988	8853.0
4989	8957.1
4990	8879.6
4991	8832.5
4992	9270.5
4993	9224.4
4994	8954.9
4995	8579.6
4996	8574.5
4997	8712.6
4998	8596.4
4999	8476.4
5000	8518.5
5001	8340.6
5002	8310.9
5003	8556.1
5004	8372.2
5005	8237.6
5006	8304.1
5007	8270.6
5008	8310.1
5009	8021.0
5010	7904.9
5011	7739.3
5012	7721.8
5013	7763.5
5014	8119.9
5015	8128.0
5016	8449.5
5017	8421.0
5018	8558.6
5019	8705.8
5020	8712.8
5021	8644.3
5022	8461.2
5023	8649.7
5024	8381.0
5025	8327.8
5026	8182.0
5027	8250.4
5028	8203.4
5029	8253.0
5030	8454.4
5031	8378.4
5032	8462.9
5033	8542.7
5034	8529.6
5035	8358.4
5036	8487.9
5037	8566.3
5038	8723.8
5039	8732.4
5040	8581.8
5041	8329.6
5042	8289.1
5043	8278.9
5044	8472.9
5045	8426.8
5046	8427.0
5047	8450.6
5048	8449.6
5049	8535.3
5050	8420.7
5051	8603.8
5052	8561.9
5053	8619.6
5054	8591.4
5055	8555.4
5056	8713.8
5057	8657.3
5058	8517.0
5059	8509.2
5060	8696.6
5061	8772.3
5062	8861.2
5063	8835.3
5064	8846.9
5065	8849.3
5066	8902.1
5067	8797.1
5068	8788.3
5069	8771.9
5070	8741.6
5071	8558.1
5072	8657.0
5073	8818.1
5074	8767.1
5075	8657.0
5076	8527.7
5077	8527.7
5078	8537.2
5079	8526.7
5080	8465.9
5081	8547.7
5082	8563.4
5083	8453.5
5084	8166.6
5085	8161.8
5086	8307.4
5087	8282.7
5088	8180.2
5089	8376.8
5090	8391.1
5091	8426.7
5092	8486.3
5093	8591.8
5094	8567.5
5095	8490.9
5096	8353.6
5097	8281.8
5098	8224.7
5099	8140.3
5100	7980.8
5101	7911.0
5102	8008.0
5103	8042.8
5104	7824.5
5105	7660.7
5106	7660.5
5107	7433.6
5108	7576.7
5109	7520.0
5110	7250.6
5111	7209.1
5112	7373.3
5113	7079.2
5114	6908.1
5115	7040.6
5116	6846.6
5117	6999.9
5118	7118.9
5119	7027.1
5120	7145.8
5121	7011.0
5122	6831.9
5123	6851.9
5124	6876.0
5125	7063.2
5126	7006.9
5127	6812.7
5128	7045.7
5129	6995.6
5130	6809.4
5131	6700.7
5132	6611.5
5133	6537.9
5134	6566.7
5135	6524.0
5136	6661.3
5137	6440.5
5138	6534.4
5139	6543.0
5140	6401.2
5141	6251.7
5142	6090.4
5143	6089.8
5144	6065.0
5145	6239.5
5146	6267.8
5147	6418.9
5148	6438.1
5149	6552.0
5150	6516.4
5151	6522.5
5152	6615.3
5153	6696.0
5154	6719.0
5155	6519.9
5156	6693.9
5157	6796.1
5158	6773.5
5159	6876.3
5160	6624.0
5161	6528.4
5162	6666.9
5163	6721.7
5164	7102.2
5165	7124.0
5166	7219.5
5167	7168.5
5168	6954.2
5169	6738.9
5170	6688.3
5171	6726.9
5172	6805.9
5173	6630.1
5174	6664.6
5175	6532.1
5176	6558.2
5177	6591.2
5178	6632.6
5179	6246.3
5180	6177.4
5181	5956.3
5182	6004.9
5183	6368.8
5184	6617.6
5185	6801.8
5186	6738.1
5187	6720.0
5188	6373.4
5189	6755.7
5190	7053.6
5191	7211.1
5192	7150.2
5193	7110.2
5194	7047.7
5195	7069.6
5196	7124.8
5197	7128.9
5198	7417.3
5199	7561.0
5200	7469.6
5201	7544.5
5202	7340.7
5203	7282.9
5204	7310.3
5205	7398.9
5206	7333.5
5207	7306.0
5208	7195.0
5209	7420.5
5210	7434.2
5211	7488.2
5212	7494.0
5213	7862.0
5214	7882.8
5215	7857.7
5216	7930.4
5217	7992.1
5218	7935.9
5219	8154.5
5220	8148.0
5221	8058.3
5222	8098.8
5223	8022.1
5224	8230.7
5225	8138.4
5226	8175.0
5227	7854.4
5228	7842.3
5229	7708.5
5230	7784.1
5231	7867.1
5232	7826.7
5233	7812.8
5234	7954.4
5235	7891.0
5236	7745.4
5237	7668.0
5238	7734.7
5239	7652.4
5240	7678.5
5241	7940.2
5242	8128.2
5243	8100.3
5244	7913.4
5245	7877.1
5246	7747.7
5247	7791.5
5248	7779.2
5249	7775.6
5250	7728.6
5251	7833.9
5252	7842.9
5253	7886.4
5254	7968.9
5255	7818.6
5256	7837.6
5257	7660.7
5258	7624.1
5259	7636.6
5260	7567.8
5261	7693.4
5262	7673.0
5263	7695.5
5264	7588.2
5265	7763.8
5266	7778.7
5267	7805.4
5268	7875.6
5269	7909.6
5270	7874.8
5271	7863.7
5272	7837.6
5273	7973.7
5274	7934.6
5275	7889.2
5276	7902.4
5277	7883.2
5278	7910.8
5279	7848.5
5280	7804.4
5281	7920.9
5282	7986.8
5283	8017.1
5284	8024.1
5285	8040.3
5286	8168.8
5287	8264.2
5288	8264.2
5289	8291.0
5290	8299.5
5291	8280.9
5292	8131.0
5293	8167.5
5294	8447.6
5295	8403.4
5296	8435.8
5297	8419.0
5298	8453.0
5299	8606.4
5300	8618.9
5301	8664.7
5302	8632.1
5303	8601.0
5304	8581.1
5305	8628.9
5306	8604.0
5307	8665.9
5308	8632.1
5309	8613.3
5310	8665.6
5311	8724.6
5312	8672.5
5313	8643.0
5314	8571.9
5315	8362.3
5316	8229.7
5317	7919.6
5318	8093.6
5319	8056.2
5320	8014.6
5321	8174.9
5322	8078.6
5323	8234.7
5324	8306.2
5325	8247.4
5326	8150.2
5327	8108.9
5328	8225.3
5329	8163.0
5330	8014.5
5331	8179.0
5332	8244.5
5333	7980.7
5334	8136.7
5335	8230.3
5336	8187.1
5337	8246.3
5338	8423.3
5339	8358.9
5340	8389.1
5341	8628.1
5342	8554.4
5343	8532.3
5344	8498.3
5345	8657.9
5346	8619.1
5347	8507.8
5348	8321.0
5349	8416.3
5350	8351.2
5351	8329.5
5352	8140.6
5353	7990.5
5354	7900.4
5355	7920.0
5356	8050.4
5357	7904.3
5358	7847.9
5359	7798.4
5360	7787.1
5361	7872.5
5362	8136.4
5363	8159.5
5364	8040.4
5365	8014.1
5366	7948.7
5367	7803.0
5368	7812.5
5369	7915.5
5370	8027.7
5371	8289.3
5372	8389.3
5373	8365.1
5374	8297.0
5375	8450.9
5376	8419.0
5377	8406.4
5378	8544.8
5379	8503.8
5380	8544.0
5381	8597.0
5382	8572.7
5383	8544.5
5384	8457.8
5385	8474.6
5386	8582.5
5387	8542.3
5388	8582.4
5389	8515.2
5390	8464.5
5391	8462.4
5392	8343.6
5393	8264.6
5394	8363.6
5395	8511.3
5396	8441.7
5397	8433.5
5398	8320.6
5399	8284.4
5400	8363.0
5401	8290.7
5402	8216.7
5403	8266.6
5404	8227.4
5405	8089.3
5406	8123.8
5407	8071.7
5408	8070.9
5409	8136.3
5410	8180.2
5411	8098.3
5412	7822.1
5413	7700.2
5414	7553.2
5415	7607.7
5416	7823.0
5417	7844.4
5418	7762.7
5419	7907.1
5420	7886.6
5421	7763.8
5422	8002.0
5423	7868.4
5424	8017.6
5425	8014.8
5426	7995.0
5427	8030.7
5428	7844.7
5429	7855.1
5430	7798.2
5431	7812.7
5432	7957.3
5433	7943.2
5434	7966.0
5435	8073.7
5436	8192.5
5437	8282.1
5438	8353.6
5439	8376.1
5440	8456.5
5441	8433.4
5442	8540.2
5443	8574.0
5444	8560.8
5445	8529.5
5446	8574.1
5447	8671.8
5448	8735.5
5449	8717.7
5450	8758.5
5451	8789.3
5452	8737.6
5453	8821.3
5454	8657.1
5455	8502.4
5456	8461.8
5457	8629.7
5458	8686.8
5459	8649.9
5460	8394.0
5461	8398.1
5462	8432.1
5463	8290.5
5464	8429.6
5465	8445.2
5466	8490.3
5467	8550.0
5468	8655.0
5469	8632.5
5470	8801.6
5471	8875.2
5472	8924.2
5473	8941.6
5474	8999.5
5475	8992.0
5476	9062.5
5477	9153.7
5478	9171.8
5479	9109.5
5480	9167.6
5481	9242.9
5482	9272.4
5483	9228.4
5484	9186.1
5485	9341.5
5486	9350.0
5487	9295.7
5488	9420.9
5489	9381.9
5490	9318.9
5491	9439.0
5492	9660.5
5493	9668.5
5494	9696.0
5495	9805.3
5496	9879.0
5497	9918.0
5498	10001.8
5499	10037.8
5500	10012.9
5501	9828.3
5502	9915.4
5503	9815.5
5504	9736.2
5505	9863.9
5506	9778.7
5507	9907.9
5508	9838.3
5509	9873.8
5510	9795.7
5511	9837.1
5512	9740.4
5513	9747.2
5514	9789.5
5515	9707.6
5516	9675.2
5517	9708.7
5518	9695.9
5519	9783.1
5520	9629.8
5521	9559.5
5522	9599.3
5523	9677.4
5524	9689.1
5525	9714.6
5526	9808.4
5527	9859.8
5528	9837.6
5529	9745.5
5530	9605.0
5531	9540.5
5532	9392.1
5533	9400.5
5534	9487.4
5535	9438.3
5536	9358.7
5537	9272.1
5538	9272.7
5539	9429.5
5540	9343.4
5541	9443.6
5542	9664.3
5543	9689.9
5544	9758.4
5545	9819.5
5546	9900.1
5547	9901.9
5548	9916.7
5549	9760.3
5550	9798.0
5551	9888.5
5552	10178.7
5553	10253.6
5554	10234.2
5555	10290.6
5556	10365.5
5557	10382.0
5558	10525.0
5559	10455.5
5560	10465.7
5561	10454.1
5562	10357.4
5563	10279.7
5564	10241.2
5565	9868.9
5566	9758.4
5567	9879.1
5568	9896.2
5569	9964.5
5570	9920.2
5571	9725.4
5572	9754.3
5573	9775.0
5574	9964.6
5575	10072.4
5576	9982.7
5577	10091.2
5578	10080.8
5579	10098.9
5580	10132.8
5581	10118.6
5582	10042.7
5583	10053.8
5584	10062.2
5585	10071.0
5586	10193.1
5587	10242.5
5588	10224.3
5589	10164.1
5590	10114.2
5591	9878.7
5592	10126.7
5593	10215.2
5594	10304.0
5595	10164.2
5596	10194.6
5597	10163.3
5598	10070.4
5599	9950.3
5600	9812.0
5601	9975.0
5602	10051.4
5603	10093.3
5604	10079.9
5605	10053.1
5606	9913.1
5607	9990.5
5608	10140.8
5609	10199.0
5610	10328.9
5611	10340.5
5612	10463.1
5613	10435.8
5614	10584.1
5615	10677.2
5616	10606.2
5617	10480.5
5618	10485.2
5619	10336.1
5620	10205.4
5621	10188.2
5622	10103.5
5623	10267.9
5624	10292.4
5625	10437.8
5626	10424.4
5627	10462.0
5628	10306.2
5629	10320.9
5630	10461.0
5631	10459.0
5632	10474.5
5633	10477.0
5634	10481.4
5635	10413.8
5636	10591.2
5637	10487.2
5638	10567.0
5639	10587.2
5640	10613.9
5641	10365.0
5642	10478.7
5643	10425.5
5644	10453.8
5645	10531.4
5646	10520.6
5647	10558.9
5648	10687.5
5649	10714.2
5650	10757.2
5651	10734.8
5652	10798.7
5653	10827.4
5654	10776.7
5655	10755.6
5656	10876.4
5657	11064.3
5658	11164.1
5659	11153.5
5660	11074.9
5661	11088.5
5662	11113.7
5663	11008.2
5664	11058.5
5665	11112.3
5666	11187.8
5667	11155.1
5668	11118.3
5669	11105.9
5670	10966.7
5671	10989.0
5672	10959.9
5673	10923.5
5674	11007.8
5675	11016.2
5676	11090.0
5677	11009.4
5678	10888.5
5679	10689.1
5680	10746.9
5681	10533.6
5682	10538.8
5683	10606.3
5684	10475.9
5685	10668.4
5686	10543.3
5687	10527.0
5688	10482.0
5689	10648.9
5690	10659.1
5691	10860.7
5692	10888.1
5693	10879.8
5694	10901.2
5695	10937.4
5696	10707.2
5697	10514.0
5698	10496.2
5699	10353.8
5700	10246.2
5701	10078.6
5702	10104.8
5703	10193.5
5704	10241.5
5705	10304.0
5706	10294.8
5707	10222.2
5708	10222.2
5709	10353.4
5710	10386.5
5711	10420.9
5712	10556.4
5713	10500.2
5714	10690.1
5715	10826.9
5716	10837.4
5717	10722.2
5718	10728.8
5719	10746.5
5720	10755.0
5721	10886.8
5722	11100.1
5723	11148.9
5724	11102.6
5725	10951.6
5726	10937.8
5727	10886.3
5728	10888.9
5729	10841.3
5730	10798.7
